AB	Pop	Species	Replicate	k	auc_e
1333.333333	ANC	6	1	6334.601307	5.095
592.5925926	ANC	6	1	0.004728069	11.715
263.3744856	ANC	6	1	0.00644205	14.56
117.0553269	ANC	6	1	0.005094218	11.075
52.02458975	ANC	6	1	0.019721268	41.095
23.12203989	ANC	6	1	0.11387411	271.635
10.27646217	ANC	6	1	0.253094214	612.375
4.567316521	ANC	6	1	0.688720577	1438.495
2.029918454	ANC	6	1	0.61088947	1412
0.90218598	ANC	6	1	0.618892819	1450.84
0.400971546	ANC	6	1	0.629719285	1465.765
0	ANC	6	1	0.859872988	1923.59
2000	ANC	1977	1	0.007135814	12.595
888.8888889	ANC	1977	1	0.532406862	189.295
395.0617284	ANC	1977	1	0.243197904	238.125
175.5829904	ANC	1977	1	0.446660794	943.875
78.03688462	ANC	1977	1	0.353270488	754.93
34.68305983	ANC	1977	1	0.478862319	1006.72
15.41469326	ANC	1977	1	0.383240092	827.64
6.850974782	ANC	1977	1	0.40816023	886.95
3.044877681	ANC	1977	1	0.426763891	928.185
1.353278969	ANC	1977	1	0.398051417	861.89
0.60145732	ANC	1977	1	0.403048546	882.17
0.267314364	ANC	1977	1	0.462135474	1010.97
2000	ANC	2164	1	0.002645942	41760
888.8888889	ANC	2164	1	0.004170395	32051
395.0617284	ANC	2164	1	0.002137713	20911
175.5829904	ANC	2164	1	0.006051724	13.545
78.03688462	ANC	2164	1	0.006	15.51
34.68305983	ANC	2164	1	0.004696218	9.455
15.41469326	ANC	2164	1	0.00823029	17.565
6.850974782	ANC	2164	1	0.013445377	32.1
3.044877681	ANC	2164	1	0.162665336	98.9
1.353278969	ANC	2164	1	0.369604598	663.01
0.60145732	ANC	2164	1	0.374482669	746.115
0.267314364	ANC	2164	1	0.227763792	414.535
2000	ANC	2792	1	0.002034864	42491
888.8888889	ANC	2792	1	0.004606914	10.925
395.0617284	ANC	2792	1	0.003053547	6.975
175.5829904	ANC	2792	1	0.005038614	35004
78.03688462	ANC	2792	1	0.009233013	21.075
34.68305983	ANC	2792	1	0.004393452	21763
15.41469326	ANC	2792	1	0.004	19603
6.850974782	ANC	2792	1	0.012092965	45381
3.044877681	ANC	2792	1	0.004337232	20333
1.353278969	ANC	2792	1	0.01624302	35.69
0.60145732	ANC	2792	1	0.012949275	29.31
0.267314364	ANC	2792	1	0.023535278	41.91
1333.333333	ANC	403	1	0.002203863	45539
592.5925926	ANC	403	1	0.009543849	21.49
263.3744856	ANC	403	1	0.328546661	326.815
117.0553269	ANC	403	1	0.18312593	370.775
52.02458975	ANC	403	1	0.197706346	420.8
23.12203989	ANC	403	1	0.239570489	511.53
10.27646217	ANC	403	1	0.231594989	501.6
4.567316521	ANC	403	1	0.217952205	473.165
2.029918454	ANC	403	1	0.183677207	406.57
0.90218598	ANC	403	1	0.219643487	480.83
0.400971546	ANC	403	1	0.220489044	481.21
0	ANC	403	1	0.196777067	443.245
1333.333333	ANC	1299	1	0.00360795	12571
592.5925926	ANC	1299	1	0.002305877	45541
263.3744856	ANC	1299	1	0.004638872	10.295
117.0553269	ANC	1299	1	0.00406909	21398
52.02458975	ANC	1299	1	0.009430104	19.865
23.12203989	ANC	1299	1	0.004973932	11.435
10.27646217	ANC	1299	1	0.022638139	53.235
4.567316521	ANC	1299	1	0.008208506	18.49
2.029918454	ANC	1299	1	0.311247989	202.21
0.90218598	ANC	1299	1	0.147689015	316.35
0.400971546	ANC	1299	1	0.268514655	621.77
0	ANC	1299	1	0.388124111	910.335
1333.333333	ANC	1977	1	0.012492326	23.125
592.5925926	ANC	1977	1	0.712943867	67.975
263.3744856	ANC	1977	1	0	0
117.0553269	ANC	1977	1	0.414755946	874.145
52.02458975	ANC	1977	1	0.347484376	744.335
23.12203989	ANC	1977	1	0.390646908	835.295
10.27646217	ANC	1977	1	0.386523895	835.37
4.567316521	ANC	1977	1	0.431988129	925.725
2.029918454	ANC	1977	1	0.41401393	895.555
0.90218598	ANC	1977	1	0.402403719	867.955
0.400971546	ANC	1977	1	0.411979082	893.245
0	ANC	1977	1	0.479322277	1056.73
1333.333333	ANC	2164	1	0.002509736	45444
592.5925926	ANC	2164	1	0.003	7.665
263.3744856	ANC	2164	1	0.007812978	45520
117.0553269	ANC	2164	1	0.004	13424
52.02458975	ANC	2164	1	0.007012246	17.795
23.12203989	ANC	2164	1	0.00675057	15.63
10.27646217	ANC	2164	1	0.024211066	34.215
4.567316521	ANC	2164	1	0.006366822	13.59
2.029918454	ANC	2164	1	0.282745002	399.585
0.90218598	ANC	2164	1	0.246463208	437.4
0.400971546	ANC	2164	1	0.250297913	467.01
0	ANC	2164	1	0.527268794	959.275
1333.333333	ANC	2792	1	0.00410835	9.105
592.5925926	ANC	2792	1	0.003969985	31625
263.3744856	ANC	2792	1	0.003998755	45635
117.0553269	ANC	2792	1	0.003099968	6.785
52.02458975	ANC	2792	1	0.007718692	17.41
23.12203989	ANC	2792	1	0.004951179	11.165
10.27646217	ANC	2792	1	0.01248647	30.075
4.567316521	ANC	2792	1	0.008137463	45461
2.029918454	ANC	2792	1	0.00589633	14.65
0.90218598	ANC	2792	1	0.007011463	15.485
0.400971546	ANC	2792	1	0.007597159	17.285
0	ANC	2792	1	0.846700114	1150.62
2000	ANC	6	1	0.002191388	36192
888.8888889	ANC	6	1	0.005543605	45261
395.0617284	ANC	6	1	0.003189751	5.745
175.5829904	ANC	6	1	0.005368261	12.315
78.03688462	ANC	6	1	0	0
34.68305983	ANC	6	1	0.237134404	395.365
15.41469326	ANC	6	1	2306.646406	373.825
6.850974782	ANC	6	1	0.951441661	1757.035
3.044877681	ANC	6	1	0.382581024	912.13
1.353278969	ANC	6	1	0.367144559	878.65
0.60145732	ANC	6	1	0.432194258	1023.73
0.267314364	ANC	6	1	0.791396784	1756.51
2000	ANC	403	1	0.002364413	27851
888.8888889	ANC	403	1	0.002084278	36251
395.0617284	ANC	403	1	0.23447826	183.155
175.5829904	ANC	403	1	0.221422273	412.505
78.03688462	ANC	403	1	0.197020957	415.335
34.68305983	ANC	403	1	0.379136956	774.495
15.41469326	ANC	403	1	0.210002611	452.275
6.850974782	ANC	403	1	0.218478833	483.555
3.044877681	ANC	403	1	0.200493779	439.475
1.353278969	ANC	403	1	0.194033107	429.49
0.60145732	ANC	403	1	0.20169468	446.33
0.267314364	ANC	403	1	0.223114851	500.585
2000	ANC	1299	1	4737.433739	6.205
888.8888889	ANC	1299	1	0.003355355	46966
395.0617284	ANC	1299	1	0.00322666	6.535
175.5829904	ANC	1299	1	0.005644914	25173
78.03688462	ANC	1299	1	0.007336379	19.645
34.68305983	ANC	1299	1	0.005004797	42583
15.41469326	ANC	1299	1	0.012227848	27.085
6.850974782	ANC	1299	1	0.009736949	24.495
3.044877681	ANC	1299	1	0.22163805	280.35
1.353278969	ANC	1299	1	0.317813081	350.42
0.60145732	ANC	1299	1	0.260913755	613.36
0.267314364	ANC	1299	1	0.436835816	997.11
1333.333333	ANC	6	2	0.004053931	23529
592.5925926	ANC	6	2	0.00597954	17868
263.3744856	ANC	6	2	0.005931124	28460
117.0553269	ANC	6	2	0.004911134	11.395
52.02458975	ANC	6	2	0.01101308	21.095
23.12203989	ANC	6	2	0.260534263	455.345
10.27646217	ANC	6	2	0.24894156	600.835
4.567316521	ANC	6	2	0.826434118	1540.77
2.029918454	ANC	6	2	0.581286038	1359.835
0.90218598	ANC	6	2	0.872968766	1964.155
0.400971546	ANC	6	2	0.766	1724.315
0	ANC	6	2	0.783248329	1756.385
2000	ANC	1977	2	0.008665345	45429
888.8888889	ANC	1977	2	0.010132195	16.455
395.0617284	ANC	1977	2	0.397064988	639.19
175.5829904	ANC	1977	2	0.405679627	863.565
78.03688462	ANC	1977	2	0.384064183	820.39
34.68305983	ANC	1977	2	0.469525659	981.055
15.41469326	ANC	1977	2	0.397478274	850.94
6.850974782	ANC	1977	2	0.460921649	998.815
3.044877681	ANC	1977	2	0.419684151	912.365
1.353278969	ANC	1977	2	0.429622251	933.905
0.60145732	ANC	1977	2	0.406117716	889.665
0.267314364	ANC	1977	2	0.484046941	1054.52
2000	ANC	2164	2	0.001238236	3.335
888.8888889	ANC	2164	2	0.00645404	9.785
395.0617284	ANC	2164	2	0.002053837	45477
175.5829904	ANC	2164	2	0.005808499	14.26
78.03688462	ANC	2164	2	3039.621016	24.56
34.68305983	ANC	2164	2	0.003792495	8.245
15.41469326	ANC	2164	2	0.009437806	21.035
6.850974782	ANC	2164	2	0.019696696	42.985
3.044877681	ANC	2164	2	0.314678992	162.345
1.353278969	ANC	2164	2	0.216806935	376.62
0.60145732	ANC	2164	2	0.31999368	619.9
0.267314364	ANC	2164	2	0.263663954	492.61
2000	ANC	2792	2	0.002584545	3.255
888.8888889	ANC	2792	2	0.004503247	9.855
395.0617284	ANC	2792	2	0.003045269	6.375
175.5829904	ANC	2792	2	0.004872636	11.525
78.03688462	ANC	2792	2	0.010386008	26.255
34.68305983	ANC	2792	2	0.004258374	22494
15.41469326	ANC	2792	2	0.007595131	45551
6.850974782	ANC	2792	2	0.010793288	26.71
3.044877681	ANC	2792	2	0.005050875	17472
1.353278969	ANC	2792	2	0.016930033	39.845
0.60145732	ANC	2792	2	0.013969898	31.325
0.267314364	ANC	2792	2	0.018904317	36.765
1333.333333	ANC	403	2	809.6361997	46113
592.5925926	ANC	403	2	0.006628019	45395
263.3744856	ANC	403	2	0.181800706	313.165
117.0553269	ANC	403	2	0.208068175	423.645
52.02458975	ANC	403	2	0.192913558	411.66
23.12203989	ANC	403	2	0.197497803	426.86
10.27646217	ANC	403	2	0.206098004	450.315
4.567316521	ANC	403	2	0.198110504	436.835
2.029918454	ANC	403	2	0.188811591	418.71
0.90218598	ANC	403	2	0.206944024	458.48
0.400971546	ANC	403	2	0.197689342	437.08
0	ANC	403	2	0.195594972	442.105
1333.333333	ANC	1299	2	8955.664776	24898
592.5925926	ANC	1299	2	0.00302237	7.055
263.3744856	ANC	1299	2	0.005062937	11.095
117.0553269	ANC	1299	2	0.00454592	9.115
52.02458975	ANC	1299	2	0.007125504	17.505
23.12203989	ANC	1299	2	0.007616695	29190
10.27646217	ANC	1299	2	0.018253453	35.185
4.567316521	ANC	1299	2	0.471616892	364.695
2.029918454	ANC	1299	2	311249.6388	26.385
0.90218598	ANC	1299	2	0.15671674	333.295
0.400971546	ANC	1299	2	0.278383687	647.42
0	ANC	1299	2	0.422689763	990.585
1333.333333	ANC	1977	2	0.012461207	22.15
592.5925926	ANC	1977	2	0.009178261	18.66
263.3744856	ANC	1977	2	0.27410701	590.415
117.0553269	ANC	1977	2	0.402504273	851.94
52.02458975	ANC	1977	2	0.350855761	754.02
23.12203989	ANC	1977	2	0.443843531	937.405
10.27646217	ANC	1977	2	0.402297707	871.445
4.567316521	ANC	1977	2	0.433447038	933.185
2.029918454	ANC	1977	2	0.4217516	914.59
0.90218598	ANC	1977	2	0.439603741	947.25
0.400971546	ANC	1977	2	0.4063157	882.99
0	ANC	1977	2	0.461499679	1022.2
1333.333333	ANC	2164	2	0.003504708	28703
592.5925926	ANC	2164	2	0.002504368	6
263.3744856	ANC	2164	2	0.005425193	20424
117.0553269	ANC	2164	2	0.002174026	21671
52.02458975	ANC	2164	2	0.007375516	45340
23.12203989	ANC	2164	2	0.005294616	11.885
10.27646217	ANC	2164	2	0.018541992	40.305
4.567316521	ANC	2164	2	0.006486655	45336
2.029918454	ANC	2164	2	0.204779203	260.63
0.90218598	ANC	2164	2	0.298329767	514.735
0.400971546	ANC	2164	2	0.325974053	572.165
0	ANC	2164	2	0.547542432	955.195
1333.333333	ANC	2792	2	0.004423973	9.635
592.5925926	ANC	2792	2	0.003062713	6.645
263.3744856	ANC	2792	2	0.004040494	33848
117.0553269	ANC	2792	2	0.003032561	7.425
52.02458975	ANC	2792	2	0.007973455	18.34
23.12203989	ANC	2792	2	0.00524626	12724
10.27646217	ANC	2792	2	0.013014945	29.285
4.567316521	ANC	2792	2	0.00733215	16.89
2.029918454	ANC	2792	2	0.005	12.305
0.90218598	ANC	2792	2	0.008024926	16.51
0.400971546	ANC	2792	2	0.009263199	19.885
0	ANC	2792	2	1.008052092	1357.665
2000	ANC	6	2	329.6264349	3.165
888.8888889	ANC	6	2	0.007244379	13.515
395.0617284	ANC	6	2	0.003096994	7.435
175.5829904	ANC	6	2	0.004	18142
78.03688462	ANC	6	2	0.004460804	46966
34.68305983	ANC	6	2	309828.7619	50.29
15.41469326	ANC	6	2	0.154135262	376.145
6.850974782	ANC	6	2	0.739097161	1452.125
3.044877681	ANC	6	2	0.336210464	804.655
1.353278969	ANC	6	2	0.446385659	1053.115
0.60145732	ANC	6	2	0.840172888	1895.935
0.267314364	ANC	6	2	0.725965323	1640.335
2000	ANC	403	2	0.002759603	45326
888.8888889	ANC	403	2	0.003058684	7.835
395.0617284	ANC	403	2	0.167167074	103.215
175.5829904	ANC	403	2	0.200219774	383.19
78.03688462	ANC	403	2	0.171897973	362.305
34.68305983	ANC	403	2	0.192175313	412.475
15.41469326	ANC	403	2	0.186363999	408.57
6.850974782	ANC	403	2	0.20612229	456.385
3.044877681	ANC	403	2	0.18711037	407.205
1.353278969	ANC	403	2	0.185374127	414.83
0.60145732	ANC	403	2	0.199252579	441.15
0.267314364	ANC	403	2	0.22321635	499.41
2000	ANC	1299	2	5161.921079	4.525
888.8888889	ANC	1299	2	0.0044116	41944
395.0617284	ANC	1299	2	0.003120565	7.845
175.5829904	ANC	1299	2	0.004385969	10.505
78.03688462	ANC	1299	2	0.007920105	18.82
34.68305983	ANC	1299	2	0.004873843	8.925
15.41469326	ANC	1299	2	0.010057305	20.79
6.850974782	ANC	1299	2	0.016453326	39.71
3.044877681	ANC	1299	2	0.008889442	18.17
1.353278969	ANC	1299	2	0.304394492	206.16
0.60145732	ANC	1299	2	0.220171557	517.44
0.267314364	ANC	1299	2	0.688527624	1504.325
1333.333333	ANC	97	1	0.003374667	7.135
592.5925926	ANC	97	1	0.00305313	7.075
263.3744856	ANC	97	1	0.006060509	14.75
117.0553269	ANC	97	1	0.004106475	14124
52.02458975	ANC	97	1	0.007156453	17.235
23.12203989	ANC	97	1	0.007290918	15.695
10.27646217	ANC	97	1	0.022689296	49.18
4.567316521	ANC	97	1	0.009045602	20.175
2.029918454	ANC	97	1	0.007018257	15.685
0.90218598	ANC	97	1	0.010540457	25.285
0.400971546	ANC	97	1	0.650630857	1265.295
0	ANC	97	1	1.027337528	1910.98
2000	ANC	1988	1	0.001285151	2.415
888.8888889	ANC	1988	1	0.006216421	26573
395.0617284	ANC	1988	1	0.002231038	5.155
175.5829904	ANC	1988	1	0.005334907	43070
78.03688462	ANC	1988	1	0.018673717	17.945
34.68305983	ANC	1988	1	0.00321644	7.045
15.41469326	ANC	1988	1	0.012145957	22.655
6.850974782	ANC	1988	1	0.01759017	33.28
3.044877681	ANC	1988	1	0.006883068	16.335
1.353278969	ANC	1988	1	0.315345046	255.27
0.60145732	ANC	1988	1	0.443481262	453.085
0.267314364	ANC	1988	1	536743.3379	81.03
2000	ANC	2443	1	0.002	32599
888.8888889	ANC	2443	1	0.005487094	13.16
395.0617284	ANC	2443	1	0.0036924	21398
175.5829904	ANC	2443	1	0.004846449	11.405
78.03688462	ANC	2443	1	0.010294731	18.405
34.68305983	ANC	2443	1	0.004485088	42248
15.41469326	ANC	2443	1	0.011219435	24.335
6.850974782	ANC	2443	1	0.013719432	33.47
3.044877681	ANC	2443	1	0.007726899	18.235
1.353278969	ANC	2443	1	0.012311256	45500
0.60145732	ANC	2443	1	0.015373123	33.535
0.267314364	ANC	2443	1	0.032870984	60.13
2000	ANC	3031	1	0.002123495	25294
888.8888889	ANC	3031	1	0.005545369	45992
395.0617284	ANC	3031	1	0.004146122	33451
175.5829904	ANC	3031	1	0.005280964	13485
78.03688462	ANC	3031	1	0.011133207	25.79
34.68305983	ANC	3031	1	0.004019813	44378
15.41469326	ANC	3031	1	0	0
6.850974782	ANC	3031	1	1135828.124	46.17
3.044877681	ANC	3031	1	313252.9193	17.65
1.353278969	ANC	3031	1	1658780.015	106.725
0.60145732	ANC	3031	1	0.315149476	154.6
0.267314364	ANC	3031	1	0.484091126	141.375
1333.333333	ANC	1279	1	0.002512137	14032
592.5925926	ANC	1279	1	0.004054618	8.955
263.3744856	ANC	1279	1	0.005293294	14550
117.0553269	ANC	1279	1	0.004210924	20729
52.02458975	ANC	1279	1	0.007437268	18.51
23.12203989	ANC	1279	1	0.006445347	15.15
10.27646217	ANC	1279	1	0.024073567	32.55
4.567316521	ANC	1279	1	0.009535153	20.21
2.029918454	ANC	1279	1	0.014855492	32.375
0.90218598	ANC	1279	1	0.007737437	17.62
0.400971546	ANC	1279	1	0.424788083	443.805
0	ANC	1279	1	0.163661093	368.335
1333.333333	ANC	1842	1	0.003285701	8.435
592.5925926	ANC	1842	1	0.003016306	6.345
263.3744856	ANC	1842	1	0.004657004	10.665
117.0553269	ANC	1842	1	0.0040128	25051
52.02458975	ANC	1842	1	0.007582055	45367
23.12203989	ANC	1842	1	0.006211216	12.275
10.27646217	ANC	1842	1	0.018613112	41.675
4.567316521	ANC	1842	1	0.006397393	13.355
2.029918454	ANC	1842	1	0.00701802	16.215
0.90218598	ANC	1842	1	0.39803045	624.1
0.400971546	ANC	1842	1	0.477036205	899.195
0	ANC	1842	1	0.434564463	792.01
1333.333333	ANC	1988	1	0.008612655	9.545
592.5925926	ANC	1988	1	0.002793865	6.445
263.3744856	ANC	1988	1	0.005447146	45638
117.0553269	ANC	1988	1	0.003622449	25020
52.02458975	ANC	1988	1	0.008517569	20.675
23.12203989	ANC	1988	1	0.00672602	14.955
10.27646217	ANC	1988	1	0.012656435	27.435
4.567316521	ANC	1988	1	0.007365439	14.115
2.029918454	ANC	1988	1	0.085193596	55.495
0.90218598	ANC	1988	1	0.518461632	428.545
0.400971546	ANC	1988	1	0.416393368	370.975
0	ANC	1988	1	0.029155441	55.675
1333.333333	ANC	2443	1	0.002911938	5.935
592.5925926	ANC	2443	1	0.002997995	6.285
263.3744856	ANC	2443	1	0.005267416	25538
117.0553269	ANC	2443	1	0.002328201	5.585
52.02458975	ANC	2443	1	0.008652941	20.185
23.12203989	ANC	2443	1	0.004194345	42248
10.27646217	ANC	2443	1	0.018517477	30.755
4.567316521	ANC	2443	1	0.006136271	12.965
2.029918454	ANC	2443	1	0.005622377	13.855
0.90218598	ANC	2443	1	0.007779677	16.845
0.400971546	ANC	2443	1	0.014875243	23.39
0	ANC	2443	1	0.65740934	1142.14
1333.333333	ANC	3031	1	0.003	7.305
592.5925926	ANC	3031	1	0.004595797	45484
263.3744856	ANC	3031	1	0.007052644	16.415
117.0553269	ANC	3031	1	0.003028322	7.545
52.02458975	ANC	3031	1	0.008015899	18.53
23.12203989	ANC	3031	1	0.006015596	32112
10.27646217	ANC	3031	1	0.0642987	43.48
4.567316521	ANC	3031	1	2259224.472	29.25
2.029918454	ANC	3031	1	1325319.168	31.625
0.90218598	ANC	3031	1	2579695.067	36.98
0.400971546	ANC	3031	1	1608874.743	38.645
0	ANC	3031	1	0.32231769	172.095
2000	ANC	97	1	0.00207054	32234
888.8888889	ANC	97	1	0.005003197	45333
395.0617284	ANC	97	1	0.00306844	7.535
175.5829904	ANC	97	1	0.004752593	10.305
78.03688462	ANC	97	1	0.010336601	19.42
34.68305983	ANC	97	1	0.004754021	9.845
15.41469326	ANC	97	1	0.013000082	23.43
6.850974782	ANC	97	1	0.015090686	33.315
3.044877681	ANC	97	1	0.006367342	45459
1.353278969	ANC	97	1	0.010046146	22.52
0.60145732	ANC	97	1	0.302603024	550.725
0.267314364	ANC	97	1	0.594568185	1024.885
2000	ANC	1279	1	0.001754907	17227
888.8888889	ANC	1279	1	0.010215523	17.76
395.0617284	ANC	1279	1	0.003541741	28976
175.5829904	ANC	1279	1	0.00393614	35612
78.03688462	ANC	1279	1	0.004931535	17838
34.68305983	ANC	1279	1	0.00359785	7.875
15.41469326	ANC	1279	1	0.010518726	17.985
6.850974782	ANC	1279	1	0.016796176	35.96
3.044877681	ANC	1279	1	0.012550719	45441
1.353278969	ANC	1279	1	0.022866295	54.305
0.60145732	ANC	1279	1	0.015723215	37.35
0.267314364	ANC	1279	1	0.159569471	340.895
2000	ANC	1842	1	0.002027924	45601
888.8888889	ANC	1842	1	0.003722394	8.525
395.0617284	ANC	1842	1	0.002225349	43221
175.5829904	ANC	1842	1	0.004878739	10.865
78.03688462	ANC	1842	1	0.006890276	15.92
34.68305983	ANC	1842	1	0.00642186	12601
15.41469326	ANC	1842	1	0.010905511	24.205
6.850974782	ANC	1842	1	0.011613712	26.45
3.044877681	ANC	1842	1	0.006755068	15.64
1.353278969	ANC	1842	1	0.00918833	23.495
0.60145732	ANC	1842	1	0.362984467	708.165
0.267314364	ANC	1842	1	0.808471798	1511.74
1333.333333	ANC	97	2	0.003497986	47300
592.5925926	ANC	97	2	0.004215073	14519
263.3744856	ANC	97	2	0.006202272	14.465
117.0553269	ANC	97	2	0.004088601	43344
52.02458975	ANC	97	2	0.008169525	18.475
23.12203989	ANC	97	2	0.007120881	16.295
10.27646217	ANC	97	2	0.029202114	63.2
4.567316521	ANC	97	2	0.009815343	20.31
2.029918454	ANC	97	2	0.014200847	29.76
0.90218598	ANC	97	2	0.748852027	761.865
0.400971546	ANC	97	2	0.998334698	1823.07
0	ANC	97	2	1.207971572	2285.84
2000	ANC	1988	2	0.002156226	46447
888.8888889	ANC	1988	2	0.005793803	26938
395.0617284	ANC	1988	2	0.003422988	6.115
175.5829904	ANC	1988	2	0.004023994	45300
78.03688462	ANC	1988	2	0.008355625	19.785
34.68305983	ANC	1988	2	0.003717182	28307
15.41469326	ANC	1988	2	0.010533334	45434
6.850974782	ANC	1988	2	0.014306912	28.74
3.044877681	ANC	1988	2	0.006569514	15.36
1.353278969	ANC	1988	2	0.492151602	369.105
0.60145732	ANC	1988	2	0.40134675	372.54
0.267314364	ANC	1988	2	163248.4783	53.825
2000	ANC	2443	2	0.017229018	48.88
888.8888889	ANC	2443	2	0.004567447	35309
395.0617284	ANC	2443	2	0.00291674	5.855
175.5829904	ANC	2443	2	0.004113377	9.805
78.03688462	ANC	2443	2	0.008202271	15.435
34.68305983	ANC	2443	2	0.003001126	6.745
15.41469326	ANC	2443	2	0.010196936	22.775
6.850974782	ANC	2443	2	0.011314636	27.45
3.044877681	ANC	2443	2	0.005990417	14
1.353278969	ANC	2443	2	0.013480743	33.525
0.60145732	ANC	2443	2	0.017045062	37.765
0.267314364	ANC	2443	2	0.070419016	52.975
2000	ANC	3031	2	0.001500571	2.955
888.8888889	ANC	3031	2	0.003729269	9.505
395.0617284	ANC	3031	2	0.004138998	5.995
175.5829904	ANC	3031	2	0.004095868	9.715
78.03688462	ANC	3031	2	0.010926776	24.645
34.68305983	ANC	3031	2	0.003873956	8.505
15.41469326	ANC	3031	2	0.009157325	19.39
6.850974782	ANC	3031	2	576423.332	46.75
3.044877681	ANC	3031	2	184923.5739	18.705
1.353278969	ANC	3031	2	3065416.789	81.435
0.60145732	ANC	3031	2	0.240209297	124.545
0.267314364	ANC	3031	2	2856488.844	106.95
1333.333333	ANC	1279	2	0.006019003	26543
592.5925926	ANC	1279	2	0.005524236	28460
263.3744856	ANC	1279	2	0.030467881	11.815
117.0553269	ANC	1279	2	0.004054749	45420
52.02458975	ANC	1279	2	0.008378443	19.635
23.12203989	ANC	1279	2	0.006323758	23285
10.27646217	ANC	1279	2	0.019970749	39.51
4.567316521	ANC	1279	2	0.010937331	21.865
2.029918454	ANC	1279	2	0.014288399	30.17
0.90218598	ANC	1279	2	0.008498828	18.63
0.400971546	ANC	1279	2	0.215571029	285.16
0	ANC	1279	2	0.163663319	367.92
1333.333333	ANC	1842	2	0.002	4.685
592.5925926	ANC	1842	2	0.003585361	8.455
263.3744856	ANC	1842	2	0.005000809	12.065
117.0553269	ANC	1842	2	0.004050204	25416
52.02458975	ANC	1842	2	0.009091883	22.37
23.12203989	ANC	1842	2	0.006228403	12.905
10.27646217	ANC	1842	2	0.011965671	31.095
4.567316521	ANC	1842	2	0.005775934	16377
2.029918454	ANC	1842	2	0.007212055	16.685
0.90218598	ANC	1842	2	0.368039264	632.455
0.400971546	ANC	1842	2	0.589694042	1112.865
0	ANC	1842	2	0.395613706	733.47
1333.333333	ANC	1988	2	0.00986209	15.54
592.5925926	ANC	1988	2	0.002659221	45478
263.3744856	ANC	1988	2	0.004862299	11.215
117.0553269	ANC	1988	2	0.003110954	25355
52.02458975	ANC	1988	2	0.008045368	45429
23.12203989	ANC	1988	2	0.00626876	13.705
10.27646217	ANC	1988	2	0.018052463	34.015
4.567316521	ANC	1988	2	0.008377049	15.52
2.029918454	ANC	1988	2	0.121759144	57.17
0.90218598	ANC	1988	2	0.443986043	374.155
0.400971546	ANC	1988	2	0.372347672	330.875
0	ANC	1988	2	0.015548946	35.975
1333.333333	ANC	2443	2	0.00452171	20637
592.5925926	ANC	2443	2	0.028447934	36312
263.3744856	ANC	2443	2	0.004434697	10.395
117.0553269	ANC	2443	2	0.002803945	6.285
52.02458975	ANC	2443	2	0.006146404	13.78
23.12203989	ANC	2443	2	0.004057275	23224
10.27646217	ANC	2443	2	0.015474973	35.845
4.567316521	ANC	2443	2	0.00594774	30621
2.029918454	ANC	2443	2	0.007107652	16.725
0.90218598	ANC	2443	2	0.006802832	14.935
0.400971546	ANC	2443	2	0.010030924	19.255
0	ANC	2443	2	0.660445845	1116.575
1333.333333	ANC	3031	2	0.00269524	6.625
592.5925926	ANC	3031	2	0.003015194	7.235
263.3744856	ANC	3031	2	0.004004663	12328
117.0553269	ANC	3031	2	0.004023737	45511
52.02458975	ANC	3031	2	0.008111043	19.395
23.12203989	ANC	3031	2	0.005369417	24412
10.27646217	ANC	3031	2	17014.33289	33.44
4.567316521	ANC	3031	2	2342063.195	24.62
2.029918454	ANC	3031	2	1681484.181	37.12
0.90218598	ANC	3031	2	3151824.489	43.885
0.400971546	ANC	3031	2	1579091.424	38.39
0	ANC	3031	2	0.298007841	145.075
2000	ANC	97	2	0.002305832	15432
888.8888889	ANC	97	2	0.005648591	45304
395.0617284	ANC	97	2	0.003867447	5.695
175.5829904	ANC	97	2	0.005208638	14550
78.03688462	ANC	97	2	0.009937511	20.33
34.68305983	ANC	97	2	0.004850632	45545
15.41469326	ANC	97	2	0.008878383	22.115
6.850974782	ANC	97	2	0.011998521	45623
3.044877681	ANC	97	2	0.006602315	16.695
1.353278969	ANC	97	2	0.007436284	16.455
0.60145732	ANC	97	2	0.292857697	494.36
0.267314364	ANC	97	2	0.583848448	931.15
2000	ANC	1279	2	4172.185019	4.305
888.8888889	ANC	1279	2	0.009504489	16.915
395.0617284	ANC	1279	2	0.001061026	33604
175.5829904	ANC	1279	2	0.004895506	11.245
78.03688462	ANC	1279	2	0.007462603	19.365
34.68305983	ANC	1279	2	0	0
15.41469326	ANC	1279	2	0.009644966	19.31
6.850974782	ANC	1279	2	0.011841411	26.49
3.044877681	ANC	1279	2	0.009984876	22.17
1.353278969	ANC	1279	2	0.024960043	53.785
0.60145732	ANC	1279	2	0.012531556	26.13
0.267314364	ANC	1279	2	0.145785123	311.86
2000	ANC	1842	2	0.001380495	3.725
888.8888889	ANC	1842	2	0.004314217	9.925
395.0617284	ANC	1842	2	0.004224453	42614
175.5829904	ANC	1842	2	0.004367818	9.805
78.03688462	ANC	1842	2	0.00883273	19.825
34.68305983	ANC	1842	2	0.003099174	7.005
15.41469326	ANC	1842	2	0.011926634	26.83
6.850974782	ANC	1842	2	0.007349648	18.64
3.044877681	ANC	1842	2	0.007122132	16.785
1.353278969	ANC	1842	2	0.00746635	18.28
0.60145732	ANC	1842	2	0.780512403	1419.12
0.267314364	ANC	1842	2	0.625794299	1155.93
1333.333333	ANC	105	1	0.005282341	17137
592.5925926	ANC	105	1	0.00525973	36130
263.3744856	ANC	105	1	0.005007186	11.485
117.0553269	ANC	105	1	0.004951567	10.665
52.02458975	ANC	105	1	0.007266352	16.31
23.12203989	ANC	105	1	0.006918636	15.095
10.27646217	ANC	105	1	0.016652846	38.915
4.567316521	ANC	105	1	0.431185444	141.9
2.029918454	ANC	105	1	0.510547694	631.275
0.90218598	ANC	105	1	0.561858674	784.87
0.400971546	ANC	105	1	0.74300306	1035.255
0	ANC	105	1	0.610323148	933.805
2000	ANC	2159	1	2996599.002	81.385
888.8888889	ANC	2159	1	0.476399374	350.87
395.0617284	ANC	2159	1	0.442466353	517.14
175.5829904	ANC	2159	1	0.746322227	905.705
78.03688462	ANC	2159	1	0.478237808	653.94
34.68305983	ANC	2159	1	0.748436945	976.63
15.41469326	ANC	2159	1	0.716613957	952.625
6.850974782	ANC	2159	1	0.734979758	1011.175
3.044877681	ANC	2159	1	0.445845922	652.03
1.353278969	ANC	2159	1	0.704361495	945.105
0.60145732	ANC	2159	1	0.556626295	809.77
0.267314364	ANC	2159	1	0.701780874	984.155
2000	ANC	2494	1	0.003405615	6.235
888.8888889	ANC	2494	1	0.002363866	11475
395.0617284	ANC	2494	1	0.003214365	41456
175.5829904	ANC	2494	1	0.005028589	9.795
78.03688462	ANC	2494	1	0.017399616	23.875
34.68305983	ANC	2494	1	0.004077417	8.545
15.41469326	ANC	2494	1	0.498490638	249.865
6.850974782	ANC	2494	1	0.011916081	29.59
3.044877681	ANC	2494	1	0.442597612	270.125
1.353278969	ANC	2494	1	1.014448383	980.88
0.60145732	ANC	2494	1	0.458908293	613.49
0.267314364	ANC	2494	1	0.725378247	875.395
2000	ANC	3237	1	341.3405321	42461
888.8888889	ANC	3237	1	0.004463727	10.535
395.0617284	ANC	3237	1	0.001756303	4
175.5829904	ANC	3237	1	0.009975953	23.935
78.03688462	ANC	3237	1	0.007776388	19.62
34.68305983	ANC	3237	1	0.003054045	7.305
15.41469326	ANC	3237	1	0.008822624	19.635
6.850974782	ANC	3237	1	0.011723955	28.975
3.044877681	ANC	3237	1	0.006567467	16.24
1.353278969	ANC	3237	1	0.015489845	36.54
0.60145732	ANC	3237	1	0.013523837	31.055
0.267314364	ANC	3237	1	55624.97526	38.655
1333.333333	ANC	1287	1	0.003314563	8.445
592.5925926	ANC	1287	1	0.004707137	11.865
263.3744856	ANC	1287	1	0.008179399	16.55
117.0553269	ANC	1287	1	0.007541294	45426
52.02458975	ANC	1287	1	0.023225408	24.135
23.12203989	ANC	1287	1	0.009118622	18.955
10.27646217	ANC	1287	1	0.47349243	390.56
4.567316521	ANC	1287	1	0.339217795	816.14
2.029918454	ANC	1287	1	0.343863676	818.2
0.90218598	ANC	1287	1	0.363140997	856.885
0.400971546	ANC	1287	1	0.372794452	876.33
0	ANC	1287	1	0.45937033	1080.33
1333.333333	ANC	1896	1	0.006060531	9.275
592.5925926	ANC	1896	1	0.005592252	26512
263.3744856	ANC	1896	1	0.004873724	10.645
117.0553269	ANC	1896	1	0.006011222	45474
52.02458975	ANC	1896	1	0.007964579	18.87
23.12203989	ANC	1896	1	0.283146544	549.86
10.27646217	ANC	1896	1	0.287902239	562.73
4.567316521	ANC	1896	1	0.320751506	614.35
2.029918454	ANC	1896	1	0.261894772	518.32
0.90218598	ANC	1896	1	0.262216231	516.155
0.400971546	ANC	1896	1	0.330016208	630.97
0	ANC	1896	1	0.281474721	567.31
1333.333333	ANC	2159	1	0.369438797	301.1
592.5925926	ANC	2159	1	0.494278531	534.375
263.3744856	ANC	2159	1	0.405843738	538.15
117.0553269	ANC	2159	1	0.953947033	1193.545
52.02458975	ANC	2159	1	0.485971918	742.735
23.12203989	ANC	2159	1	0.737196652	1024.18
10.27646217	ANC	2159	1	0.734146749	1004.645
4.567316521	ANC	2159	1	0.71692192	1011.54
2.029918454	ANC	2159	1	0.57642381	857.635
0.90218598	ANC	2159	1	0.641917068	928.26
0.400971546	ANC	2159	1	0.422636019	652.645
0	ANC	2159	1	0.704263798	1030.5
1333.333333	ANC	2494	1	0.002572964	6.635
592.5925926	ANC	2494	1	0.004092687	8.585
263.3744856	ANC	2494	1	0.004469764	43009
117.0553269	ANC	2494	1	0.004359424	9.315
52.02458975	ANC	2494	1	0.416917909	95.285
23.12203989	ANC	2494	1	0.006417229	13119
10.27646217	ANC	2494	1	0.015817138	33.15
4.567316521	ANC	2494	1	179320.9205	15.82
2.029918454	ANC	2494	1	0.844810437	1028.66
0.90218598	ANC	2494	1	0.917938937	968.325
0.400971546	ANC	2494	1	0.847241505	779.545
0	ANC	2494	1	0.678022696	880.665
1333.333333	ANC	3237	1	0.003	45389
592.5925926	ANC	3237	1	0.005747076	14.29
263.3744856	ANC	3237	1	0.003067773	7.375
117.0553269	ANC	3237	1	0.003142804	19176
52.02458975	ANC	3237	1	0.00785551	45368
23.12203989	ANC	3237	1	0.006079559	35034
10.27646217	ANC	3237	1	0.015347158	33.375
4.567316521	ANC	3237	1	0.006922008	13.365
2.029918454	ANC	3237	1	0.0058468	12.525
0.90218598	ANC	3237	1	0.008069044	45490
0.400971546	ANC	3237	1	0.009226125	19.085
0	ANC	3237	1	0.422061005	187.08
2000	ANC	105	1	0.002847714	43191
888.8888889	ANC	105	1	0.00436139	10.635
395.0617284	ANC	105	1	0.002520173	6.255
175.5829904	ANC	105	1	0.005135122	35004
78.03688462	ANC	105	1	0.007553273	45340
34.68305983	ANC	105	1	0.004545773	16254
15.41469326	ANC	105	1	0.010400447	23.36
6.850974782	ANC	105	1	0.019367415	30.035
3.044877681	ANC	105	1	0.472090319	657.615
1.353278969	ANC	105	1	0.564899744	881.22
0.60145732	ANC	105	1	0.546680388	892.86
0.267314364	ANC	105	1	0.640352555	980.785
2000	ANC	1287	1	0.001	3.145
888.8888889	ANC	1287	1	0.009595717	15.225
395.0617284	ANC	1287	1	0.001180509	2.835
175.5829904	ANC	1287	1	26212.56571	10.915
78.03688462	ANC	1287	1	0.005749701	15.38
34.68305983	ANC	1287	1	0.005114198	10.035
15.41469326	ANC	1287	1	0.21194126	372.64
6.850974782	ANC	1287	1	0.338338335	702.705
3.044877681	ANC	1287	1	0.433799886	1040.745
1.353278969	ANC	1287	1	0.417137213	994.32
0.60145732	ANC	1287	1	0.39287596	924.425
0.267314364	ANC	1287	1	0.48753189	1139.17
2000	ANC	1896	1	0.002	45327
888.8888889	ANC	1896	1	0.005154998	10.905
395.0617284	ANC	1896	1	0.003246017	6.115
175.5829904	ANC	1896	1	0.005845192	16041
78.03688462	ANC	1896	1	0.010894558	27.355
34.68305983	ANC	1896	1	0.266695184	391.285
15.41469326	ANC	1896	1	0.273798543	526.895
6.850974782	ANC	1896	1	0.289675499	569.565
3.044877681	ANC	1896	1	0.247951421	486.73
1.353278969	ANC	1896	1	0.269459892	528.42
0.60145732	ANC	1896	1	0.32076035	606.72
0.267314364	ANC	1896	1	0.321297247	610.305
1333.333333	ANC	105	2	0.005561901	27699
592.5925926	ANC	105	2	0.002782159	6.295
263.3744856	ANC	105	2	0.004626948	10.485
117.0553269	ANC	105	2	0.004059973	45901
52.02458975	ANC	105	2	0.006958543	16.245
23.12203989	ANC	105	2	0.0070791	15.54
10.27646217	ANC	105	2	0.018300461	42.105
4.567316521	ANC	105	2	0.431196092	230.305
2.029918454	ANC	105	2	0.483139136	707.555
0.90218598	ANC	105	2	0.583597695	925.315
0.400971546	ANC	105	2	0.626323776	1014.965
0	ANC	105	2	0.584616551	1016.94
2000	ANC	2159	2	0.532558879	303.165
888.8888889	ANC	2159	2	0.303139627	346.325
395.0617284	ANC	2159	2	0.393034468	567.79
175.5829904	ANC	2159	2	0.711777548	1093.175
78.03688462	ANC	2159	2	0.564012894	838.72
34.68305983	ANC	2159	2	0.383772111	617.18
15.41469326	ANC	2159	2	0.67836305	1018.98
6.850974782	ANC	2159	2	0.735356791	1132.78
3.044877681	ANC	2159	2	0.657060694	994.885
1.353278969	ANC	2159	2	0.709079703	1078.825
0.60145732	ANC	2159	2	0.381715201	641.335
0.267314364	ANC	2159	2	0.648920999	1056.665
2000	ANC	2494	2	0.004496556	6.925
888.8888889	ANC	2494	2	0.007406402	13.64
395.0617284	ANC	2494	2	0.004053939	8.355
175.5829904	ANC	2494	2	0.007205662	13.68
78.03688462	ANC	2494	2	0.008588061	45526
34.68305983	ANC	2494	2	0.001325127	3.365
15.41469326	ANC	2494	2	0.01184582	20.885
6.850974782	ANC	2494	2	0.014431308	31.855
3.044877681	ANC	2494	2	0.619290459	476.525
1.353278969	ANC	2494	2	0.829692875	922.715
0.60145732	ANC	2494	2	0.734937616	890.82
0.267314364	ANC	2494	2	0.645918353	925.51
2000	ANC	3237	2	0.002195339	23863
888.8888889	ANC	3237	2	0.005	12.775
395.0617284	ANC	3237	2	0.002009385	45387
175.5829904	ANC	3237	2	0.004474101	9.785
78.03688462	ANC	3237	2	0.010957343	26.225
34.68305983	ANC	3237	2	0.003893373	7.975
15.41469326	ANC	3237	2	0.009404878	21.16
6.850974782	ANC	3237	2	0.009232863	22.26
3.044877681	ANC	3237	2	0.007188703	18.195
1.353278969	ANC	3237	2	0.014846705	35.005
0.60145732	ANC	3237	2	0.0168505	39.615
0.267314364	ANC	3237	2	55145.08572	41.82
1333.333333	ANC	1287	2	0.003722113	45452
592.5925926	ANC	1287	2	0.004565739	12601
263.3744856	ANC	1287	2	0.006535395	13.485
117.0553269	ANC	1287	2	0.003302989	43647
52.02458975	ANC	1287	2	0.010508435	45343
23.12203989	ANC	1287	2	0.006839318	14.605
10.27646217	ANC	1287	2	0.417815052	322.205
4.567316521	ANC	1287	2	0.346888094	837.505
2.029918454	ANC	1287	2	0.348011651	819.255
0.90218598	ANC	1287	2	0.365008765	863.94
0.400971546	ANC	1287	2	0.375349686	881.395
0	ANC	1287	2	0.452133476	1069.65
1333.333333	ANC	1896	2	4562.827514	31260
592.5925926	ANC	1896	2	0.004731846	14489
263.3744856	ANC	1896	2	0.00520819	11.055
117.0553269	ANC	1896	2	0.003425665	6.565
52.02458975	ANC	1896	2	0.009032444	45465
23.12203989	ANC	1896	2	0.276625768	539.035
10.27646217	ANC	1896	2	0.275085153	538.795
4.567316521	ANC	1896	2	0.279409133	546.98
2.029918454	ANC	1896	2	0.265957656	532.525
0.90218598	ANC	1896	2	0.343576981	661.745
0.400971546	ANC	1896	2	0.32046035	613.445
0	ANC	1896	2	0.288932797	576.36
1333.333333	ANC	2159	2	0.337224366	280.92
592.5925926	ANC	2159	2	0.661862415	577.835
263.3744856	ANC	2159	2	0.67840565	808.61
117.0553269	ANC	2159	2	0.950340853	1240.48
52.02458975	ANC	2159	2	0.430095088	662.515
23.12203989	ANC	2159	2	0.721901633	1015.75
10.27646217	ANC	2159	2	0.685470548	991.835
4.567316521	ANC	2159	2	0.65481202	991.29
2.029918454	ANC	2159	2	0.648833133	978.425
0.90218598	ANC	2159	2	0.676248239	975.33
0.400971546	ANC	2159	2	0.507897694	770.38
0	ANC	2159	2	0.696699578	1013.99
1333.333333	ANC	2494	2	0.003	7.245
592.5925926	ANC	2494	2	0.003066784	7.285
263.3744856	ANC	2494	2	0.005092728	11.655
117.0553269	ANC	2494	2	0.003075626	6.645
52.02458975	ANC	2494	2	0.007	17.045
23.12203989	ANC	2494	2	0.006095873	31017
10.27646217	ANC	2494	2	0.012677586	30.27
4.567316521	ANC	2494	2	0.005184377	10.475
2.029918454	ANC	2494	2	0.756642426	638.195
0.90218598	ANC	2494	2	0.85459534	614.43
0.400971546	ANC	2494	2	0.444852588	460.04
0	ANC	2494	2	0.562526334	632.92
1333.333333	ANC	3237	2	0.002640421	5.385
592.5925926	ANC	3237	2	0.003075406	7.685
263.3744856	ANC	3237	2	0.003972024	25416
117.0553269	ANC	3237	2	0.003073626	6.975
52.02458975	ANC	3237	2	0.007365415	16.89
23.12203989	ANC	3237	2	0.005110994	10.445
10.27646217	ANC	3237	2	0.017450233	39.8
4.567316521	ANC	3237	2	0.005064617	10.795
2.029918454	ANC	3237	2	0.008144754	19.36
0.90218598	ANC	3237	2	0.007418943	16.455
0.400971546	ANC	3237	2	0.007639405	15.415
0	ANC	3237	2	0.523390757	183.21
2000	ANC	105	2	0.00241821	24139
888.8888889	ANC	105	2	0.004248901	9.925
395.0617284	ANC	105	2	0.003023401	47300
175.5829904	ANC	105	2	0.003929879	45300
78.03688462	ANC	105	2	0.008711818	22.425
34.68305983	ANC	105	2	0.002073714	45477
15.41469326	ANC	105	2	0.011418347	25.61
6.850974782	ANC	105	2	0.015563739	27.14
3.044877681	ANC	105	2	0.446406455	598.11
1.353278969	ANC	105	2	0.589738379	865.35
0.60145732	ANC	105	2	0.539071568	841.87
0.267314364	ANC	105	2	0.567547785	880.18
2000	ANC	1287	2	0.001290876	3.465
888.8888889	ANC	1287	2	0.002	12601
395.0617284	ANC	1287	2	0.002067526	41395
175.5829904	ANC	1287	2	3137.23646	10.005
78.03688462	ANC	1287	2	0.017593397	26.97
34.68305983	ANC	1287	2	0.00457645	9.455
15.41469326	ANC	1287	2	0.010107556	21.96
6.850974782	ANC	1287	2	0.387926723	793.13
3.044877681	ANC	1287	2	0.474475502	1135.79
1.353278969	ANC	1287	2	0.41517539	1006.865
0.60145732	ANC	1287	2	0.366986444	865.235
0.267314364	ANC	1287	2	0.446771491	1056.46
2000	ANC	1896	2	0.002139908	31898
888.8888889	ANC	1896	2	0.003099933	41456
395.0617284	ANC	1896	2	0.002540554	5.945
175.5829904	ANC	1896	2	0.002037007	42491
78.03688462	ANC	1896	2	0.013708328	28.675
34.68305983	ANC	1896	2	0.26535473	398.77
15.41469326	ANC	1896	2	0.287255908	557.025
6.850974782	ANC	1896	2	0.312201751	606.6
3.044877681	ANC	1896	2	0.275912929	543.92
1.353278969	ANC	1896	2	0.271164867	526.665
0.60145732	ANC	1896	2	0.328503304	629.68
0.267314364	ANC	1896	2	0.306831241	594.975
1333.333333	ANC	262	1	0.004526189	10.765
592.5925926	ANC	262	1	0.00363856	44774
263.3744856	ANC	262	1	0.006081328	13.78
117.0553269	ANC	262	1	0.004126857	9.965
52.02458975	ANC	262	1	0.007186576	16.915
23.12203989	ANC	262	1	0.007151842	15.535
10.27646217	ANC	262	1	0.017445702	40.64
4.567316521	ANC	262	1	0.006433319	13.115
2.029918454	ANC	262	1	0.011022453	23.47
0.90218598	ANC	262	1	0.303254253	335.17
0.400971546	ANC	262	1	0.263680256	350.81
0	ANC	262	1	0.297068292	441.24
2000	ANC	2160	1	1067.304101	42461
888.8888889	ANC	2160	1	0.006227663	12.525
395.0617284	ANC	2160	1	10107.1282	9.345
175.5829904	ANC	2160	1	0.004793921	10.515
78.03688462	ANC	2160	1	0.006993207	45399
34.68305983	ANC	2160	1	15284.09895	27150
15.41469326	ANC	2160	1	0.010626355	22.815
6.850974782	ANC	2160	1	0.008556926	21.81
3.044877681	ANC	2160	1	0.007959156	17.485
1.353278969	ANC	2160	1	0.015437174	34.405
0.60145732	ANC	2160	1	0.013134445	29.325
0.267314364	ANC	2160	1	0.153985155	287.22
2000	ANC	2659	1	0.00365569	5.695
888.8888889	ANC	2659	1	0	0
395.0617284	ANC	2659	1	0	0
175.5829904	ANC	2659	1	0.003501248	23193
78.03688462	ANC	2659	1	0.043825993	46.515
34.68305983	ANC	2659	1	0.019872309	34.315
15.41469326	ANC	2659	1	0.102371986	42.315
6.850974782	ANC	2659	1	0.023927042	57.7
3.044877681	ANC	2659	1	0.376647881	708.325
1.353278969	ANC	2659	1	0.365951536	709.905
0.60145732	ANC	2659	1	0.765944909	1445.155
0.267314364	ANC	2659	1	0.667104424	1282.915
2000	ANC	only medium	1	0.002005432	45387
888.8888889	ANC	only medium	1	0.004938295	11.845
395.0617284	ANC	only medium	1	0.002211863	44652
175.5829904	ANC	only medium	1	0.00488148	11.435
78.03688462	ANC	only medium	1	0.00684812	16.315
34.68305983	ANC	only medium	1	0.004174969	17015
15.41469326	ANC	only medium	1	0.009697261	21.455
6.850974782	ANC	only medium	1	0.011185356	27.405
3.044877681	ANC	only medium	1	0.006003472	14.91
1.353278969	ANC	only medium	1	0.013051203	30.585
0.60145732	ANC	only medium	1	0.010950122	26.265
0.267314364	ANC	only medium	1	0.020642632	38.315
1333.333333	ANC	1292	1	0.005693083	30195
592.5925926	ANC	1292	1	0.004726951	19176
263.3744856	ANC	1292	1	0.004661799	9.815
117.0553269	ANC	1292	1	0.005236374	30834
52.02458975	ANC	1292	1	0.008213128	17.76
23.12203989	ANC	1292	1	0.007722917	16.61
10.27646217	ANC	1292	1	0.017406814	42.385
4.567316521	ANC	1292	1	0.007193181	15.825
2.029918454	ANC	1292	1	0.008878437	19.75
0.90218598	ANC	1292	1	0.007559398	15.815
0.400971546	ANC	1292	1	0.169853561	71.19
0	ANC	1292	1	0.291745345	596.035
1333.333333	ANC	1972	1	0.002243705	5.875
592.5925926	ANC	1972	1	33603.79501	11.675
263.3744856	ANC	1972	1	0.005048779	32813
117.0553269	ANC	1972	1	0.417636454	786.62
52.02458975	ANC	1972	1	0.388843458	903.31
23.12203989	ANC	1972	1	0.340334049	819.795
10.27646217	ANC	1972	1	0.486777816	1165.23
4.567316521	ANC	1972	1	0.53095654	1263.97
2.029918454	ANC	1972	1	0.307362259	748.57
0.90218598	ANC	1972	1	0.323347023	789.14
0.400971546	ANC	1972	1	0.802980783	1595.5
0	ANC	1972	1	0.345808595	847.165
1333.333333	ANC	2160	1	0.002656699	42917
592.5925926	ANC	2160	1	7154.639658	8.125
263.3744856	ANC	2160	1	0.005837926	10.645
117.0553269	ANC	2160	1	0.004012787	8.275
52.02458975	ANC	2160	1	0.006161019	15.785
23.12203989	ANC	2160	1	0.008049324	13.55
10.27646217	ANC	2160	1	0.020246754	40.22
4.567316521	ANC	2160	1	0.007385898	14.025
2.029918454	ANC	2160	1	0.007454198	17.805
0.90218598	ANC	2160	1	0	0
0.400971546	ANC	2160	1	0.009939969	18.315
0	ANC	2160	1	0.165216501	306.415
1333.333333	ANC	2659	1	0.002285821	6.065
592.5925926	ANC	2659	1	0.002014692	28581
263.3744856	ANC	2659	1	0.00403929	19238
117.0553269	ANC	2659	1	0.003	7.615
52.02458975	ANC	2659	1	0.028417231	29.945
23.12203989	ANC	2659	1	0.021904815	33.425
10.27646217	ANC	2659	1	50348.36958	26.255
4.567316521	ANC	2659	1	21214.89791	9.615
2.029918454	ANC	2659	1	0.534978926	963.21
0.90218598	ANC	2659	1	0.398271399	783.83
0.400971546	ANC	2659	1	0.676138491	1061.12
0	ANC	2659	1	0.572999255	976.505
1333.333333	ANC	only medium	1	0.003033779	6.445
592.5925926	ANC	only medium	1	0.002849489	5.785
263.3744856	ANC	only medium	1	0.003065798	7.485
117.0553269	ANC	only medium	1	0.003378746	45512
52.02458975	ANC	only medium	1	0.006189186	14.785
23.12203989	ANC	only medium	1	0.005204934	12724
10.27646217	ANC	only medium	1	0.015902305	35.79
4.567316521	ANC	only medium	1	0.006184506	14.255
2.029918454	ANC	only medium	1	0.008566183	20.23
0.90218598	ANC	only medium	1	0.006412276	13
0.400971546	ANC	only medium	1	0.008626277	18.91
0	ANC	only medium	1	0.017551989	38.715
2000	ANC	262	1	0	0
888.8888889	ANC	262	1	0.004434109	10.195
395.0617284	ANC	262	1	0.002057016	35886
175.5829904	ANC	262	1	0.007011617	15.52
78.03688462	ANC	262	1	0.009676076	21.98
34.68305983	ANC	262	1	0.003204322	7.515
15.41469326	ANC	262	1	0.011425217	25.385
6.850974782	ANC	262	1	0.013887782	33.38
3.044877681	ANC	262	1	0.007999473	17.805
1.353278969	ANC	262	1	0.50878672	114.795
0.60145732	ANC	262	1	0.271523594	314.79
0.267314364	ANC	262	1	0.298059585	370.3
2000	ANC	1292	1	0.002242886	18719
888.8888889	ANC	1292	1	0.00827497	26177
395.0617284	ANC	1292	1	0.002080257	5.305
175.5829904	ANC	1292	1	0.004045035	9.335
78.03688462	ANC	1292	1	0.008676158	19.955
34.68305983	ANC	1292	1	0.005055801	9.155
15.41469326	ANC	1292	1	0.0123179	26.645
6.850974782	ANC	1292	1	0.014002374	30.985
3.044877681	ANC	1292	1	0.008530073	20.17
1.353278969	ANC	1292	1	0.020545064	50.345
0.60145732	ANC	1292	1	0.008	21.725
0.267314364	ANC	1292	1	0.107322786	122.225
2000	ANC	1972	1	0.002058159	33329
888.8888889	ANC	1972	1	0.003917819	35977
395.0617284	ANC	1972	1	0.002073173	30376
175.5829904	ANC	1972	1	0.004677649	10.845
78.03688462	ANC	1972	1	0.63742875	1207.13
34.68305983	ANC	1972	1	0.537643188	1099.775
15.41469326	ANC	1972	1	0.480841754	1092.915
6.850974782	ANC	1972	1	0.311422407	759.1
3.044877681	ANC	1972	1	0.444617063	1017.17
1.353278969	ANC	1972	1	0.351155454	850.58
0.60145732	ANC	1972	1	0.826246178	1550.6
0.267314364	ANC	1972	1	0.426016498	1024.52
1333.333333	ANC	262	2	0.00620179	14.465
592.5925926	ANC	262	2	0.003108058	6.525
263.3744856	ANC	262	2	0.005036213	11.355
117.0553269	ANC	262	2	0.004014153	45512
52.02458975	ANC	262	2	0.006560441	14.905
23.12203989	ANC	262	2	0.007069474	16.275
10.27646217	ANC	262	2	0.019115743	45.44
4.567316521	ANC	262	2	0.008371057	17.63
2.029918454	ANC	262	2	0.015172425	45535
0.90218598	ANC	262	2	0.296797268	325.565
0.400971546	ANC	262	2	0.26757082	356.46
0	ANC	262	2	0.299217625	436.705
2000	ANC	2160	2	0.001041958	2.985
888.8888889	ANC	2160	2	0.106444606	14.375
395.0617284	ANC	2160	2	45077.97061	35977
175.5829904	ANC	2160	2	0.008144456	16.425
78.03688462	ANC	2160	2	0.00812667	22.225
34.68305983	ANC	2160	2	0.00336002	8.045
15.41469326	ANC	2160	2	107190.2887	27.105
6.850974782	ANC	2160	2	0.011847018	29.32
3.044877681	ANC	2160	2	0.008772345	45432
1.353278969	ANC	2160	2	0.016506947	38.68
0.60145732	ANC	2160	2	968730.7498	34.02
0.267314364	ANC	2160	2	0.143936841	274.06
2000	ANC	2659	2	0.001	45474
888.8888889	ANC	2659	2	0.002017128	47239
395.0617284	ANC	2659	2	0.008077527	13.715
175.5829904	ANC	2659	2	0.015566115	31.29
78.03688462	ANC	2659	2	0.055287626	113.33
34.68305983	ANC	2659	2	0.017890408	36.835
15.41469326	ANC	2659	2	0.032779323	76.955
6.850974782	ANC	2659	2	0.407484922	136.745
3.044877681	ANC	2659	2	0.44952587	854.655
1.353278969	ANC	2659	2	0.445032585	853.905
0.60145732	ANC	2659	2	0.784868188	1498.27
0.267314364	ANC	2659	2	0.5516689	1137.54
2000	ANC	only medium	2	0.002148056	21641
888.8888889	ANC	only medium	2	0.006926838	15.965
395.0617284	ANC	only medium	2	0.004093621	15220
175.5829904	ANC	only medium	2	0.004981305	11.955
78.03688462	ANC	only medium	2	0.007129289	17.555
34.68305983	ANC	only medium	2	0.00307111	7.255
15.41469326	ANC	only medium	2	0.010785911	24.945
6.850974782	ANC	only medium	2	0.011488129	26.52
3.044877681	ANC	only medium	2	0.007619314	18.755
1.353278969	ANC	only medium	2	0.012661518	30.2
0.60145732	ANC	only medium	2	0.008331651	20.425
0.267314364	ANC	only medium	2	0.016388337	31.965
1333.333333	ANC	1292	2	0.006282606	30225
592.5925926	ANC	1292	2	0.006711535	12693
263.3744856	ANC	1292	2	0.00495251	10.785
117.0553269	ANC	1292	2	0.004	15615
52.02458975	ANC	1292	2	0.007086351	17.19
23.12203989	ANC	1292	2	0.006926636	16.195
10.27646217	ANC	1292	2	0.015178539	37.01
4.567316521	ANC	1292	2	0.006607719	15.055
2.029918454	ANC	1292	2	0.009801736	23.915
0.90218598	ANC	1292	2	0.00731421	16.415
0.400971546	ANC	1292	2	0.167111883	57.74
0	ANC	1292	2	0.289298955	588.835
1333.333333	ANC	1972	2	0.002666162	45389
592.5925926	ANC	1972	2	0.003695299	45512
263.3744856	ANC	1972	2	0.004554155	10.525
117.0553269	ANC	1972	2	0.352791905	588.515
52.02458975	ANC	1972	2	0.37127616	854.07
23.12203989	ANC	1972	2	0.397431144	947.035
10.27646217	ANC	1972	2	0.594750518	1401.515
4.567316521	ANC	1972	2	0.816523715	1848.005
2.029918454	ANC	1972	2	0.339676114	825.39
0.90218598	ANC	1972	2	0.435214333	1045.83
0.400971546	ANC	1972	2	0.80849834	1523.69
0	ANC	1972	2	0.31636133	773.88
1333.333333	ANC	2160	2	0.002627002	22798
592.5925926	ANC	2160	2	0.005702681	45512
263.3744856	ANC	2160	2	0.006772844	13.995
117.0553269	ANC	2160	2	0.00544744	9.705
52.02458975	ANC	2160	2	0.007570294	16.945
23.12203989	ANC	2160	2	0.005545442	31352
10.27646217	ANC	2160	2	0.013763711	33.775
4.567316521	ANC	2160	2	0.007264799	15.235
2.029918454	ANC	2160	2	0.00945199	21.695
0.90218598	ANC	2160	2	0.007571142	16.515
0.400971546	ANC	2160	2	0.009943169	22.49
0	ANC	2160	2	0.145062168	268.93
1333.333333	ANC	2659	2	0.002044759	27150
592.5925926	ANC	2659	2	0.002024861	11444
263.3744856	ANC	2659	2	0.003053461	7.325
117.0553269	ANC	2659	2	0.003502985	19815
52.02458975	ANC	2659	2	0.026451341	37.045
23.12203989	ANC	2659	2	0.018244879	37.415
10.27646217	ANC	2659	2	0.029390317	72.79
4.567316521	ANC	2659	2	0.472452323	599.84
2.029918454	ANC	2659	2	0.487563366	967.47
0.90218598	ANC	2659	2	0.339215052	733.605
0.400971546	ANC	2659	2	0.657743928	1125.27
0	ANC	2659	2	0.539043506	1047.145
1333.333333	ANC	only medium	2	0.005407399	11.555
592.5925926	ANC	only medium	2	0.004	32021
263.3744856	ANC	only medium	2	0.004147376	9.995
117.0553269	ANC	only medium	2	0.002887816	6.305
52.02458975	ANC	only medium	2	0.007	18.025
23.12203989	ANC	only medium	2	0.005174429	17137
10.27646217	ANC	only medium	2	0.016645557	39.315
4.567316521	ANC	only medium	2	0.005088808	11.005
2.029918454	ANC	only medium	2	0.008527949	19.79
0.90218598	ANC	only medium	2	0.006093448	13.91
0.400971546	ANC	only medium	2	0.006758423	15.275
0	ANC	only medium	2	0.016393756	41.27
2000	ANC	262	2	0.002091609	34060
888.8888889	ANC	262	2	0.004719622	11.365
395.0617284	ANC	262	2	0.002728244	5.525
175.5829904	ANC	262	2	0.004183429	10.235
78.03688462	ANC	262	2	0.008151787	19.255
34.68305983	ANC	262	2	0.00427521	45421
15.41469326	ANC	262	2	0.013463377	30.55
6.850974782	ANC	262	2	0.012302435	30.61
3.044877681	ANC	262	2	0.010795398	22.515
1.353278969	ANC	262	2	0.575269055	131.895
0.60145732	ANC	262	2	0.277828863	342.36
0.267314364	ANC	262	2	0.257264561	361.785
2000	ANC	1292	2	0.002090063	34425
888.8888889	ANC	1292	2	0.004842017	11.685
395.0617284	ANC	1292	2	0.004278986	18111
175.5829904	ANC	1292	2	0.004806668	10.345
78.03688462	ANC	1292	2	0.01586719	31.575
34.68305983	ANC	1292	2	0.01379969	43313
15.41469326	ANC	1292	2	0.011479728	24.645
6.850974782	ANC	1292	2	0.484041735	288.785
3.044877681	ANC	1292	2	0.020095723	39.05
1.353278969	ANC	1292	2	0.016464853	35.83
0.60145732	ANC	1292	2	0.009378664	24.89
0.267314364	ANC	1292	2	0.149785177	115.48
2000	ANC	1972	2	0.002450221	3.665
888.8888889	ANC	1972	2	0.005025673	12.445
395.0617284	ANC	1972	2	0.003	45474
175.5829904	ANC	1972	2	0.371058656	395.5
78.03688462	ANC	1972	2	0.400176289	881.74
34.68305983	ANC	1972	2	0.387127485	920.03
15.41469326	ANC	1972	2	0.861813882	1596.86
6.850974782	ANC	1972	2	0.28426885	695.54
3.044877681	ANC	1972	2	0.463149427	1050.56
1.353278969	ANC	1972	2	0.316409837	769.29
0.60145732	ANC	1972	2	0.738696913	1475.52
0.267314364	ANC	1972	2	0	0
1333.333333	EVO	6	1	0.153794583	218.525
592.5925926	EVO	6	1	0.24555345	429.975
263.3744856	EVO	6	1	0.435710557	769.295
117.0553269	EVO	6	1	0.515772598	848.66
52.02458975	EVO	6	1	0.627457427	900.36
23.12203989	EVO	6	1	0.637863484	680.42
10.27646217	EVO	6	1	0.535638499	737.01
4.567316521	EVO	6	1	0.669662535	660.435
2.029918454	EVO	6	1	0.614813011	759.745
0.90218598	EVO	6	1	0.454304828	740.485
0.400971546	EVO	6	1	0.637729958	289.595
0	EVO	6	1	0.365148725	357.72
2000	EVO	1977	1	0.32230595	500.6
888.8888889	EVO	1977	1	0.252667649	407.871
395.0617284	EVO	1977	1	0.366585881	577.91
175.5829904	EVO	1977	1	0.373467877	598.58
78.03688462	EVO	1977	1	0.369298542	602.1
34.68305983	EVO	1977	1	0.363901503	601.23
15.41469326	EVO	1977	1	0.384302343	624.36
6.850974782	EVO	1977	1	0.284111176	479.665
3.044877681	EVO	1977	1	0.300147942	493.83
1.353278969	EVO	1977	1	0.337178517	557.22
0.60145732	EVO	1977	1	0.414380592	657.14
0.267314364	EVO	1977	1	0.311222237	523.785
2000	EVO	2164	1	0.00206785	5.725
888.8888889	EVO	2164	1	0.002392625	4.811
395.0617284	EVO	2164	1	0.004536018	14185
175.5829904	EVO	2164	1	0.010193198	25.36
78.03688462	EVO	2164	1	0.005225388	13.17
34.68305983	EVO	2164	1	0.25769761	262.61
15.41469326	EVO	2164	1	0.54748081	642.235
6.850974782	EVO	2164	1	0.690531678	867.66
3.044877681	EVO	2164	1	0.408743477	653.46
1.353278969	EVO	2164	1	0.61191957	818.445
0.60145732	EVO	2164	1	0.406993785	603.475
0.267314364	EVO	2164	1	0.628591074	952.265
2000	EVO	2792	1	0.002101399	44652
888.8888889	EVO	2792	1	0.003135409	1152493
395.0617284	EVO	2792	1	0.003097414	7.755
175.5829904	EVO	2792	1	0.009229421	22.73
78.03688462	EVO	2792	1	0.007130078	16.65
34.68305983	EVO	2792	1	0.004334201	10.515
15.41469326	EVO	2792	1	0.007675378	45644
6.850974782	EVO	2792	1	0.008703941	20.665
3.044877681	EVO	2792	1	0.007058909	18.34
1.353278969	EVO	2792	1	0.016177686	38.815
0.60145732	EVO	2792	1	0.762353433	506.935
0.267314364	EVO	2792	1	0.578091833	810.395
1333.333333	EVO	403	1	0.006948678	7.325
592.5925926	EVO	403	1	0.003702338	239448
263.3744856	EVO	403	1	0.221254463	375.37
117.0553269	EVO	403	1	0.18847781	385.43
52.02458975	EVO	403	1	0.211068587	446.545
23.12203989	EVO	403	1	0.210016109	453.28
10.27646217	EVO	403	1	0.22361901	486.525
4.567316521	EVO	403	1	0.20817061	497.83
2.029918454	EVO	403	1	0.211430353	463.19
0.90218598	EVO	403	1	0.20470929	452.385
0.400971546	EVO	403	1	0.222842029	492.875
0	EVO	403	1	0.234299016	528.82
1333.333333	EVO	1299	1	1838.93042	26451
592.5925926	EVO	1299	1	0.004322686	9.266
263.3744856	EVO	1299	1	0.00498004	26543
117.0553269	EVO	1299	1	0.798617308	67.665
52.02458975	EVO	1299	1	0.251374308	227.105
23.12203989	EVO	1299	1	0.497925821	705.775
10.27646217	EVO	1299	1	0.610412115	912.55
4.567316521	EVO	1299	1	0.908611142	1164.78
2.029918454	EVO	1299	1	0.703618119	1018.935
0.90218598	EVO	1299	1	0.644202336	940.485
0.400971546	EVO	1299	1	0.824884978	1243.895
0	EVO	1299	1	0.837475956	1193.27
1333.333333	EVO	1977	1	0.330787581	521.7
592.5925926	EVO	1977	1	0.362652132	569.081
263.3744856	EVO	1977	1	0.367449874	582.225
117.0553269	EVO	1977	1	0.295526609	480.1
52.02458975	EVO	1977	1	0.353380887	581.72
23.12203989	EVO	1977	1	0.293645916	507.235
10.27646217	EVO	1977	1	0.379073935	632.23
4.567316521	EVO	1977	1	0.354983308	620.545
2.029918454	EVO	1977	1	0.302058387	517.57
0.90218598	EVO	1977	1	0.31772026	525.09
0.400971546	EVO	1977	1	0.3781101	620.35
0	EVO	1977	1	0.344149361	592.345
1333.333333	EVO	2164	1	0.001337982	3.225
592.5925926	EVO	2164	1	0.020549954	458593
263.3744856	EVO	2164	1	0.004142553	36373
117.0553269	EVO	2164	1	0.001661204	17958
52.02458975	EVO	2164	1	0.004487346	11.025
23.12203989	EVO	2164	1	0.536320885	623.745
10.27646217	EVO	2164	1	0.356784036	474.485
4.567316521	EVO	2164	1	0.717113318	1169.665
2.029918454	EVO	2164	1	0.371056007	529.965
0.90218598	EVO	2164	1	0.515752959	789.055
0.400971546	EVO	2164	1	0.556522832	857.37
0	EVO	2164	1	0.569560608	934.235
1333.333333	EVO	2792	1	0.002286721	35521
592.5925926	EVO	2792	1	0.004185095	1481303
263.3744856	EVO	2792	1	0.004221933	46997
117.0553269	EVO	2792	1	0.002033604	45356
52.02458975	EVO	2792	1	0.006213708	14.575
23.12203989	EVO	2792	1	0.019283842	45.195
10.27646217	EVO	2792	1	0.022488357	54.685
4.567316521	EVO	2792	1	0.098461277	272.115
2.029918454	EVO	2792	1	0.009615544	24.84
0.90218598	EVO	2792	1	6522949.373	126.06
0.400971546	EVO	2792	1	0.419590935	672.09
0	EVO	2792	1	0.620946045	1111.085
2000	EVO	6	1	0.222290278	98.965
888.8888889	EVO	6	1	0.304104365	463.6305
395.0617284	EVO	6	1	0.395346348	662.3
175.5829904	EVO	6	1	0.528607063	857.505
78.03688462	EVO	6	1	0.321693507	506.84
34.68305983	EVO	6	1	0.484265718	734.145
15.41469326	EVO	6	1	0.667957971	672.915
6.850974782	EVO	6	1	0.590396114	563.16
3.044877681	EVO	6	1	0.666691489	891.525
1.353278969	EVO	6	1	0.507733253	469.625
0.60145732	EVO	6	1	0.535847765	551.86
0.267314364	EVO	6	1	0.438489811	370.26
2000	EVO	403	1	1316.888412	45356
888.8888889	EVO	403	1	0.003375958	2723005
395.0617284	EVO	403	1	0.175661484	130.975
175.5829904	EVO	403	1	0.205875515	404.865
78.03688462	EVO	403	1	0.197257436	416.295
34.68305983	EVO	403	1	0.20396226	438.205
15.41469326	EVO	403	1	0.21024921	460.865
6.850974782	EVO	403	1	0.209800333	459.495
3.044877681	EVO	403	1	0.198592444	436.765
1.353278969	EVO	403	1	0.229545557	515.055
0.60145732	EVO	403	1	0.219406601	486.335
0.267314364	EVO	403	1	0.219901184	496.535
2000	EVO	1299	1	0.001571474	3.405
888.8888889	EVO	1299	1	0.002652579	2814286
395.0617284	EVO	1299	1	0.003557564	8.675
175.5829904	EVO	1299	1	0.008740366	20.47
78.03688462	EVO	1299	1	0.282305271	156.57
34.68305983	EVO	1299	1	0.417881519	412.925
15.41469326	EVO	1299	1	0.825974717	1171.455
6.850974782	EVO	1299	1	0.828799213	1101.79
3.044877681	EVO	1299	1	0.434011752	602.545
1.353278969	EVO	1299	1	0.655079389	808
0.60145732	EVO	1299	1	0.756036193	1063.755
0.267314364	EVO	1299	1	0.697199962	956.61
1333.333333	EVO	6	2	0.180287002	261.22
592.5925926	EVO	6	2	0.275956399	488.715
263.3744856	EVO	6	2	0.664267725	1141.305
117.0553269	EVO	6	2	0.453334331	753.155
52.02458975	EVO	6	2	0.622263558	863.23
23.12203989	EVO	6	2	0.648698464	921.255
10.27646217	EVO	6	2	0.501981687	837.4
4.567316521	EVO	6	2	0.212813199	461.245
2.029918454	EVO	6	2	0.563932619	554.76
0.90218598	EVO	6	2	0.493677609	703.92
0.400971546	EVO	6	2	1.996623126	266.305
0	EVO	6	2	0.785563342	1036.585
2000	EVO	1977	2	0.306580217	474.475
888.8888889	EVO	1977	2	0.235420561	379.1355
395.0617284	EVO	1977	2	0.377252836	583.26
175.5829904	EVO	1977	2	0.285706985	465.335
78.03688462	EVO	1977	2	0.386091348	607.725
34.68305983	EVO	1977	2	0.381378474	611.11
15.41469326	EVO	1977	2	0.378244957	594.055
6.850974782	EVO	1977	2	0.284928859	472.23
3.044877681	EVO	1977	2	0.297188543	481.68
1.353278969	EVO	1977	2	0.298305103	499.695
0.60145732	EVO	1977	2	0.294917137	488.095
0.267314364	EVO	1977	2	0.290631939	479.045
2000	EVO	2164	2	0.001129757	3.005
888.8888889	EVO	2164	2	0.002524678	5.631
395.0617284	EVO	2164	2	0.003	7.415
175.5829904	EVO	2164	2	0.010744775	26.24
78.03688462	EVO	2164	2	0.006700333	15.935
34.68305983	EVO	2164	2	0.439731308	264.745
15.41469326	EVO	2164	2	0.431275617	444.53
6.850974782	EVO	2164	2	0.670311096	990.09
3.044877681	EVO	2164	2	0.405272675	557.48
1.353278969	EVO	2164	2	0.683476834	902.21
0.60145732	EVO	2164	2	0.646302241	943.645
0.267314364	EVO	2164	2	0.575235544	829.99
2000	EVO	2792	2	0.001953036	45600
888.8888889	EVO	2792	2	0.002191916	4.1005
395.0617284	EVO	2792	2	0.003283422	7.175
175.5829904	EVO	2792	2	0.008036033	19.535
78.03688462	EVO	2792	2	0.005901867	14.455
34.68305983	EVO	2792	2	0.004039523	11963
15.41469326	EVO	2792	2	0.009958503	24.25
6.850974782	EVO	2792	2	0.004932802	9.055
3.044877681	EVO	2792	2	0.009642787	45435
1.353278969	EVO	2792	2	0.018587705	42.525
0.60145732	EVO	2792	2	0.351543907	286.055
0.267314364	EVO	2792	2	0.529007527	794.915
1333.333333	EVO	403	2	0.003169235	22433
592.5925926	EVO	403	2	0.010248002	36404
263.3744856	EVO	403	2	0.176596922	286.765
117.0553269	EVO	403	2	0.221557558	455.05
52.02458975	EVO	403	2	0.215104159	453.8
23.12203989	EVO	403	2	0.224604059	487.95
10.27646217	EVO	403	2	0.202903917	442.91
4.567316521	EVO	403	2	0.212447794	506.745
2.029918454	EVO	403	2	0.204945598	449.315
0.90218598	EVO	403	2	0.214625843	482.965
0.400971546	EVO	403	2	0.222660034	499.97
0	EVO	403	2	0.23816772	541.68
1333.333333	EVO	1299	2	0.003005307	5.765
592.5925926	EVO	1299	2	0.004006391	549873
263.3744856	EVO	1299	2	0.004221264	16650
117.0553269	EVO	1299	2	0.542783482	333.295
52.02458975	EVO	1299	2	0.746055123	906.735
23.12203989	EVO	1299	2	0.736211922	971
10.27646217	EVO	1299	2	0.752873077	1120.615
4.567316521	EVO	1299	2	0.786628596	1092.655
2.029918454	EVO	1299	2	0.724622894	999.135
0.90218598	EVO	1299	2	0.779626052	947.045
0.400971546	EVO	1299	2	0.774649328	1057.675
0	EVO	1299	2	0.844950408	1003.075
1333.333333	EVO	1977	2	0.357181738	549.705
592.5925926	EVO	1977	2	0.26017063	426.0005
263.3744856	EVO	1977	2	0.373645596	588.96
117.0553269	EVO	1977	2	0.287001522	470.445
52.02458975	EVO	1977	2	0.376820696	607.965
23.12203989	EVO	1977	2	0.312166068	532.755
10.27646217	EVO	1977	2	0.36386537	604.54
4.567316521	EVO	1977	2	0.57733832	618.915
2.029918454	EVO	1977	2	0.306863487	503.58
0.90218598	EVO	1977	2	0.298455427	485.265
0.400971546	EVO	1977	2	0.301104956	474.705
0	EVO	1977	2	0.349474322	575.03
1333.333333	EVO	2164	2	0.001666287	4.365
592.5925926	EVO	2164	2	0.003683241	440331
263.3744856	EVO	2164	2	0.005042631	11.755
117.0553269	EVO	2164	2	0.007049088	14.55
52.02458975	EVO	2164	2	0.005235913	41974
23.12203989	EVO	2164	2	0.387394573	496.12
10.27646217	EVO	2164	2	0.460021859	730.745
4.567316521	EVO	2164	2	0.785175532	1298.595
2.029918454	EVO	2164	2	0.491770937	818.695
0.90218598	EVO	2164	2	0.652033537	1100.825
0.400971546	EVO	2164	2	0.805040462	1221.775
0	EVO	2164	2	0.690204554	1223.38
1333.333333	EVO	2792	2	0.003084831	15158
592.5925926	EVO	2792	2	0.003844172	8.0805
263.3744856	EVO	2792	2	0.004557667	25447
117.0553269	EVO	2792	2	0.002981849	5.305
52.02458975	EVO	2792	2	0.006937423	16.525
23.12203989	EVO	2792	2	0.01814872	43.29
10.27646217	EVO	2792	2	0.020076594	47
4.567316521	EVO	2792	2	0.085764297	239.615
2.029918454	EVO	2792	2	0.008404614	19.345
0.90218598	EVO	2792	2	1.529049697	85.205
0.400971546	EVO	2792	2	0.483777199	562.99
0	EVO	2792	2	0.647776328	990.28
2000	EVO	6	2	0.002114855	5.145
888.8888889	EVO	6	2	0.233342133	342.041
395.0617284	EVO	6	2	0.416679161	761.775
175.5829904	EVO	6	2	0.668126624	1107.64
78.03688462	EVO	6	2	0.373048978	634.8
34.68305983	EVO	6	2	0.722259104	995.37
15.41469326	EVO	6	2	0.8353647	766.45
6.850974782	EVO	6	2	0.546984177	725.06
3.044877681	EVO	6	2	0.684556173	751.81
1.353278969	EVO	6	2	0.465212858	653.005
0.60145732	EVO	6	2	0.258247608	300.73
0.267314364	EVO	6	2	1.155273911	437.71
2000	EVO	403	2	0.002	4.625
888.8888889	EVO	403	2	0.003950424	6.186
395.0617284	EVO	403	2	0.002117151	45508
175.5829904	EVO	403	2	0.180674572	279.545
78.03688462	EVO	403	2	0.233874282	413.72
34.68305983	EVO	403	2	0.19741351	371.81
15.41469326	EVO	403	2	0.203485513	396.035
6.850974782	EVO	403	2	0.204971759	402.25
3.044877681	EVO	403	2	0.200703814	396.705
1.353278969	EVO	403	2	0.216213906	428.965
0.60145732	EVO	403	2	0.21823788	436.235
0.267314364	EVO	403	2	0.214432984	435.55
2000	EVO	1299	2	0.002883554	11475
888.8888889	EVO	1299	2	0.003244771	2836262
395.0617284	EVO	1299	2	0.002662659	42887
175.5829904	EVO	1299	2	0.011648248	25.82
78.03688462	EVO	1299	2	0.451180331	504.255
34.68305983	EVO	1299	2	0.470582993	406.975
15.41469326	EVO	1299	2	0.759688413	1048.05
6.850974782	EVO	1299	2	0.72776799	953.915
3.044877681	EVO	1299	2	0.759043986	988.14
1.353278969	EVO	1299	2	0.762491037	326.89
0.60145732	EVO	1299	2	0.819774128	411.835
0.267314364	EVO	1299	2	0.808548249	1133.985
1333.333333	EVO	97	1	0.002738023	6.045
592.5925926	EVO	97	1	0.004666389	10.0155
263.3744856	EVO	97	1	0.005024711	11.445
117.0553269	EVO	97	1	0.002937972	15766
52.02458975	EVO	97	1	0.007578033	17.65
23.12203989	EVO	97	1	0.021944689	48.77
10.27646217	EVO	97	1	0.045570992	114.635
4.567316521	EVO	97	1	0.117899335	311.39
2.029918454	EVO	97	1	0.010656885	24.77
0.90218598	EVO	97	1	0.007182273	45519
0.400971546	EVO	97	1	0.402463635	655.06
0	EVO	97	1	0.556481399	1143.245
2000	EVO	1988	1	0.003508517	3.715
888.8888889	EVO	1988	1	0.00268539	6.0105
395.0617284	EVO	1988	1	0.003115539	7.855
175.5829904	EVO	1988	1	0.009899559	23.795
78.03688462	EVO	1988	1	0.005897887	13.505
34.68305983	EVO	1988	1	0.005040416	11.755
15.41469326	EVO	1988	1	0.01000483	45433
6.850974782	EVO	1988	1	0.021096197	24.395
3.044877681	EVO	1988	1	0.011242701	20.495
1.353278969	EVO	1988	1	174502.6496	59.965
0.60145732	EVO	1988	1	0.035269424	58.205
0.267314364	EVO	1988	1	164098.3531	47.94
2000	EVO	2443	1	0.002025175	4.915
888.8888889	EVO	2443	1	2348.758361	6.186
395.0617284	EVO	2443	1	0.004422535	19603
175.5829904	EVO	2443	1	0.008168257	19.845
78.03688462	EVO	2443	1	0.007093818	16.515
34.68305983	EVO	2443	1	0.0057774	43435
15.41469326	EVO	2443	1	0.009261386	21.51
6.850974782	EVO	2443	1	0.009994889	20.76
3.044877681	EVO	2443	1	0.010048116	24.545
1.353278969	EVO	2443	1	0.022509081	52.72
0.60145732	EVO	2443	1	0.031464598	43.045
0.267314364	EVO	2443	1	0.105327043	51.73
2000	EVO	3031	1	0.00202627	43221
888.8888889	EVO	3031	1	0.003267594	1956027
395.0617284	EVO	3031	1	0.003047722	7.935
175.5829904	EVO	3031	1	0.010111576	25.265
78.03688462	EVO	3031	1	0.005420933	12.825
34.68305983	EVO	3031	1	0.005841882	45305
15.41469326	EVO	3031	1	0.009357025	21.355
6.850974782	EVO	3031	1	150140.9981	16.645
3.044877681	EVO	3031	1	743487.848	35.79
1.353278969	EVO	3031	1	0.300175992	129.38
0.60145732	EVO	3031	1	0.270386629	172.25
0.267314364	EVO	3031	1	0.267783939	163.38
1333.333333	EVO	1279	1	0.00338078	15128
592.5925926	EVO	1279	1	0.004078529	1061244
263.3744856	EVO	1279	1	0.004772525	16681
117.0553269	EVO	1279	1	0.003067337	6.795
52.02458975	EVO	1279	1	0.207025334	396.085
23.12203989	EVO	1279	1	0.337299922	676.985
10.27646217	EVO	1279	1	0.378105816	712.73
4.567316521	EVO	1279	1	0.279568077	630.655
2.029918454	EVO	1279	1	0.212516392	453.195
0.90218598	EVO	1279	1	0.216978643	454.97
0.400971546	EVO	1279	1	0.277958783	568.755
0	EVO	1279	1	0.215037699	466.33
1333.333333	EVO	1842	1	0.002516399	5.045
592.5925926	EVO	1842	1	0.00401149	34881
263.3744856	EVO	1842	1	0.0031205	28611
117.0553269	EVO	1842	1	0.004154997	6.405
52.02458975	EVO	1842	1	0.006085518	14.17
23.12203989	EVO	1842	1	0.01652573	36.425
10.27646217	EVO	1842	1	0.020945977	46.85
4.567316521	EVO	1842	1	0.051607432	142.465
2.029918454	EVO	1842	1	0.007017077	16.83
0.90218598	EVO	1842	1	0.621461751	521.135
0.400971546	EVO	1842	1	0.801979631	1447.47
0	EVO	1842	1	0.717837618	1293.505
1333.333333	EVO	1988	1	0.006147233	10.135
592.5925926	EVO	1988	1	0.006844262	12.1455
263.3744856	EVO	1988	1	26472.14018	14489
117.0553269	EVO	1988	1	0.004093407	5.055
52.02458975	EVO	1988	1	0.005382514	32478
23.12203989	EVO	1988	1	0.033814413	47.32
10.27646217	EVO	1988	1	0.019303457	47.435
4.567316521	EVO	1988	1	0.104391193	281.73
2.029918454	EVO	1988	1	0.005998453	15.43
0.90218598	EVO	1988	1	5.713747352	19.145
0.400971546	EVO	1988	1	0.380837089	125.93
0	EVO	1988	1	0.663065514	914.12
1333.333333	EVO	2443	1	0.00266887	27515
592.5925926	EVO	2443	1	0.003963882	2777883
263.3744856	EVO	2443	1	0.005421172	10.105
117.0553269	EVO	2443	1	0.002150122	5.335
52.02458975	EVO	2443	1	0.006113866	14.33
23.12203989	EVO	2443	1	0.014836754	36.635
10.27646217	EVO	2443	1	0.017419623	37.93
4.567316521	EVO	2443	1	0.093493916	239.73
2.029918454	EVO	2443	1	0.010753083	25.135
0.90218598	EVO	2443	1	0.004672322	32325
0.400971546	EVO	2443	1	0.008683169	14.66
0	EVO	2443	1	0.621462562	972.61
1333.333333	EVO	3031	1	0.003554149	4.075
592.5925926	EVO	3031	1	0.003518753	568135
263.3744856	EVO	3031	1	0.004048307	30560
117.0553269	EVO	3031	1	0.002080559	29677
52.02458975	EVO	3031	1	0.006148382	13.71
23.12203989	EVO	3031	1	0.012026342	25.47
10.27646217	EVO	3031	1	0.02270111	22.33
4.567316521	EVO	3031	1	1883787.481	293.74
2.029918454	EVO	3031	1	2350168.419	53.9
0.90218598	EVO	3031	1	4180962.81	31.78
0.400971546	EVO	3031	1	3083218.505	43.05
0	EVO	3031	1	0.374622132	212.445
2000	EVO	97	1	0.002428567	3.955
888.8888889	EVO	97	1	0.003608916	6.166
395.0617284	EVO	97	1	0.003803561	9.555
175.5829904	EVO	97	1	0.01048112	24.945
78.03688462	EVO	97	1	0.00664181	14.92
34.68305983	EVO	97	1	0.005827006	14.98
15.41469326	EVO	97	1	0.008550285	20.305
6.850974782	EVO	97	1	0.010935882	25.455
3.044877681	EVO	97	1	0.010217301	23.805
1.353278969	EVO	97	1	0.01733159	38.58
0.60145732	EVO	97	1	0.024350509	57.175
0.267314364	EVO	97	1	0.524638313	725.045
2000	EVO	1279	1	0.003214047	11841
888.8888889	EVO	1279	1	0.003235319	6.006
395.0617284	EVO	1279	1	0.003653089	7.145
175.5829904	EVO	1279	1	0.009925323	23.545
78.03688462	EVO	1279	1	0.195648839	27.57
34.68305983	EVO	1279	1	0.253584159	542.285
15.41469326	EVO	1279	1	0.211850643	457.995
6.850974782	EVO	1279	1	0.19458755	415.59
3.044877681	EVO	1279	1	0.225295101	479.18
1.353278969	EVO	1279	1	0.207294436	438.235
0.60145732	EVO	1279	1	0.238450857	509.72
0.267314364	EVO	1279	1	0.21001989	447.295
2000	EVO	1842	1	0.002095625	4.095
888.8888889	EVO	1842	1	0.002	403685
395.0617284	EVO	1842	1	0.00204878	32264
175.5829904	EVO	1842	1	0.009573544	22.61
78.03688462	EVO	1842	1	0.008438344	19.165
34.68305983	EVO	1842	1	0.004439606	10.205
15.41469326	EVO	1842	1	0.007504692	16.72
6.850974782	EVO	1842	1	0.010260184	22.345
3.044877681	EVO	1842	1	0.011029026	25.92
1.353278969	EVO	1842	1	0.016562906	37.595
0.60145732	EVO	1842	1	0.442431661	745.705
0.267314364	EVO	1842	1	0.613308213	1151.78
1333.333333	EVO	97	2	0.003849704	9.115
592.5925926	EVO	97	2	0.003860201	8.115
263.3744856	EVO	97	2	0.004985648	11.505
117.0553269	EVO	97	2	0.003330634	6.445
52.02458975	EVO	97	2	0.008562609	18.895
23.12203989	EVO	97	2	12141.06465	40.375
10.27646217	EVO	97	2	0.023031251	53.525
4.567316521	EVO	97	2	0.134311719	343.83
2.029918454	EVO	97	2	0.008189737	20.43
0.90218598	EVO	97	2	0.006252269	22525
0.400971546	EVO	97	2	0.455728485	666.64
0	EVO	97	2	0.526813694	1066.485
2000	EVO	1988	2	0.003512925	30468
888.8888889	EVO	1988	2	0.004436591	2631755
395.0617284	EVO	1988	2	0.003947255	6.385
175.5829904	EVO	1988	2	0.00921014	45526
78.03688462	EVO	1988	2	0.006122261	14.45
34.68305983	EVO	1988	2	0.007424964	17.27
15.41469326	EVO	1988	2	0.009810493	20.93
6.850974782	EVO	1988	2	0.019650902	22.195
3.044877681	EVO	1988	2	0.010086563	21.005
1.353278969	EVO	1988	2	88327.33971	45.95
0.60145732	EVO	1988	2	6869.458842	51.015
0.267314364	EVO	1988	2	262011.3148	36.06
2000	EVO	2443	2	0.002038339	35156
888.8888889	EVO	2443	2	0.00491515	6.296
395.0617284	EVO	2443	2	0.004	45606
175.5829904	EVO	2443	2	0.008787719	45313
78.03688462	EVO	2443	2	0.006729723	16.645
34.68305983	EVO	2443	2	0.00432546	10.465
15.41469326	EVO	2443	2	0.009226096	45617
6.850974782	EVO	2443	2	0.00978711	22.15
3.044877681	EVO	2443	2	0.00832229	20.155
1.353278969	EVO	2443	2	0.022082912	51.465
0.60145732	EVO	2443	2	0.026089604	55.33
0.267314364	EVO	2443	2	0.027812905	43.17
2000	EVO	3031	2	0.00101948	2.565
888.8888889	EVO	3031	2	0.002929629	1207219
395.0617284	EVO	3031	2	0.002626983	45329
175.5829904	EVO	3031	2	0.008539474	20.055
78.03688462	EVO	3031	2	0.007074603	16.295
34.68305983	EVO	3031	2	0.006046546	15.18
15.41469326	EVO	3031	2	0.008839699	20.435
6.850974782	EVO	3031	2	252585.6966	45377
3.044877681	EVO	3031	2	1591629.328	57.57
1.353278969	EVO	3031	2	0.233354678	141.355
0.60145732	EVO	3031	2	0.291080743	141.17
0.267314364	EVO	3031	2	0.212718108	139.025
1333.333333	EVO	1279	2	0.002270864	45356
592.5925926	EVO	1279	2	0.004613294	1225634
263.3744856	EVO	1279	2	0.004013051	8
117.0553269	EVO	1279	2	0.002044372	24563
52.02458975	EVO	1279	2	0.182760631	351.43
23.12203989	EVO	1279	2	0.408340325	729.54
10.27646217	EVO	1279	2	0.252591685	530.23
4.567316521	EVO	1279	2	0.203885665	436.915
2.029918454	EVO	1279	2	0.225856862	462.14
0.90218598	EVO	1279	2	0.194709462	415.835
0.400971546	EVO	1279	2	0.228094215	481.315
0	EVO	1279	2	0.221244648	478.25
1333.333333	EVO	1842	2	0.003243643	23863
592.5925926	EVO	1842	2	0.003626559	45512
263.3744856	EVO	1842	2	0.003803061	8.045
117.0553269	EVO	1842	2	0.003661823	5.615
52.02458975	EVO	1842	2	0.007891044	18.25
23.12203989	EVO	1842	2	0.015970149	37.92
10.27646217	EVO	1842	2	0.025141922	56.6
4.567316521	EVO	1842	2	0.12438871	320.91
2.029918454	EVO	1842	2	0.006023735	13.465
0.90218598	EVO	1842	2	0.472912982	389.295
0.400971546	EVO	1842	2	0.652555898	1245.475
0	EVO	1842	2	0.682517474	1197.445
1333.333333	EVO	1988	2	0.003174377	4.195
592.5925926	EVO	1988	2	0.003038018	6.455
263.3744856	EVO	1988	2	0.004902774	11.255
117.0553269	EVO	1988	2	0.003261523	5.485
52.02458975	EVO	1988	2	0.007070209	16.675
23.12203989	EVO	1988	2	0.020129716	28.885
10.27646217	EVO	1988	2	0.02409175	44.985
4.567316521	EVO	1988	2	0.143476376	177.305
2.029918454	EVO	1988	2	0.021665822	45465
0.90218598	EVO	1988	2	9421.121896	13.24
0.400971546	EVO	1988	2	19739.37686	15.96
0	EVO	1988	2	515276.2148	72.225
1333.333333	EVO	2443	2	0.002391087	45047
592.5925926	EVO	2443	2	0.003239551	12966
263.3744856	EVO	2443	2	0.004	46997
117.0553269	EVO	2443	2	0.002077482	31138
52.02458975	EVO	2443	2	0.006170073	17868
23.12203989	EVO	2443	2	0.014279025	34.65
10.27646217	EVO	2443	2	0.02090026	47.005
4.567316521	EVO	2443	2	0.075467522	210.31
2.029918454	EVO	2443	2	0.007065006	17.885
0.90218598	EVO	2443	2	0.005386066	11.455
0.400971546	EVO	2443	2	0.004533727	8.095
0	EVO	2443	2	0.631147955	724.04
1333.333333	EVO	3031	2	0.003170042	5.585
592.5925926	EVO	3031	2	0.003528402	7.685
263.3744856	EVO	3031	2	0.004	22525
117.0553269	EVO	3031	2	0.002333656	15067
52.02458975	EVO	3031	2	0.005013136	11.915
23.12203989	EVO	3031	2	0.014332282	34.535
10.27646217	EVO	3031	2	0.019520573	47.99
4.567316521	EVO	3031	2	0.076783718	210.045
2.029918454	EVO	3031	2	12279.68189	20.65
0.90218598	EVO	3031	2	8704.220552	9.815
0.400971546	EVO	3031	2	28147.549	32782
0	EVO	3031	2	276404.0093	64.68
2000	EVO	97	2	0.002021479	4.835
888.8888889	EVO	97	2	0.007324607	19.6815
395.0617284	EVO	97	2	0.004438649	45453
175.5829904	EVO	97	2	0.010200474	24.155
78.03688462	EVO	97	2	0.009557312	16.23
34.68305983	EVO	97	2	0.006388722	16.61
15.41469326	EVO	97	2	0.009079581	23.755
6.850974782	EVO	97	2	0.009618973	22
3.044877681	EVO	97	2	0.010075729	24.275
1.353278969	EVO	97	2	0.018875891	43.015
0.60145732	EVO	97	2	0.029050539	62.765
0.267314364	EVO	97	2	0.613624333	861.77
2000	EVO	1279	2	0.002485749	5.405
888.8888889	EVO	1279	2	0.002506973	2525774
395.0617284	EVO	1279	2	0.003223304	6.815
175.5829904	EVO	1279	2	0.008188397	18.625
78.03688462	EVO	1279	2	0.190394033	69.59
34.68305983	EVO	1279	2	0.23540936	499.255
15.41469326	EVO	1279	2	0.301381794	602.03
6.850974782	EVO	1279	2	0.204067893	438.255
3.044877681	EVO	1279	2	0.218450564	458.475
1.353278969	EVO	1279	2	0.214641566	456.825
0.60145732	EVO	1279	2	0.214674529	461.235
0.267314364	EVO	1279	2	0.207579169	442.02
2000	EVO	1842	2	0.002793019	5.525
888.8888889	EVO	1842	2	0.003232097	5.566
395.0617284	EVO	1842	2	0.003073274	6.135
175.5829904	EVO	1842	2	0.016127503	45.19
78.03688462	EVO	1842	2	0.00714416	16.105
34.68305983	EVO	1842	2	0.004997396	11.635
15.41469326	EVO	1842	2	0.009494112	22.935
6.850974782	EVO	1842	2	0.007770303	16.35
3.044877681	EVO	1842	2	0.009039181	21.28
1.353278969	EVO	1842	2	0.018170028	41.84
0.60145732	EVO	1842	2	0.463928222	592.59
0.267314364	EVO	1842	2	0.572282005	898.325
1333.333333	EVO	105	1	0.003435422	7.035
592.5925926	EVO	105	1	0.004641939	2065691
263.3744856	EVO	105	1	0.004339947	45392
117.0553269	EVO	105	1	0.00354681	5.805
52.02458975	EVO	105	1	0.005591723	13.45
23.12203989	EVO	105	1	0.016250213	37.365
10.27646217	EVO	105	1	0.020097878	41.46
4.567316521	EVO	105	1	1.089875278	594.09
2.029918454	EVO	105	1	0.482706093	674.25
0.90218598	EVO	105	1	0.516219707	833.165
0.400971546	EVO	105	1	0.596801808	864.855
0	EVO	105	1	0.55274854	805.645
2000	EVO	2159	1	0.321357712	491.795
888.8888889	EVO	2159	1	0.588146271	865.0105
395.0617284	EVO	2159	1	0.628817201	938.38
175.5829904	EVO	2159	1	0.648032534	986.145
78.03688462	EVO	2159	1	0.410429376	636.285
34.68305983	EVO	2159	1	0.361950125	556.38
15.41469326	EVO	2159	1	0.669198439	881.265
6.850974782	EVO	2159	1	0.696516874	958.865
3.044877681	EVO	2159	1	0.488340979	728.26
1.353278969	EVO	2159	1	0.524624877	822.95
0.60145732	EVO	2159	1	0.768249969	1070.45
0.267314364	EVO	2159	1	0.637540212	853.855
2000	EVO	2494	1	0.003048183	11475
888.8888889	EVO	2494	1	0.00228242	5.0705
395.0617284	EVO	2494	1	0.003051243	7.705
175.5829904	EVO	2494	1	0.008805571	20.055
78.03688462	EVO	2494	1	0.66917593	498.65
34.68305983	EVO	2494	1	0.616011102	760.64
15.41469326	EVO	2494	1	0.539952789	717.69
6.850974782	EVO	2494	1	0.612365845	774.795
3.044877681	EVO	2494	1	0.428826316	572.955
1.353278969	EVO	2494	1	0.622257021	763.825
0.60145732	EVO	2494	1	0.661867105	817.605
0.267314364	EVO	2494	1	0.50791464	632.505
2000	EVO	3237	1	0.003076739	7.215
888.8888889	EVO	3237	1	0.002253281	1864685
395.0617284	EVO	3237	1	0.00302302	8.225
175.5829904	EVO	3237	1	0.011022239	27.52
78.03688462	EVO	3237	1	0.007106981	16.675
34.68305983	EVO	3237	1	0.005502771	14.72
15.41469326	EVO	3237	1	0.012137803	45621
6.850974782	EVO	3237	1	327411.6678	26.49
3.044877681	EVO	3237	1	1193656.016	51.98
1.353278969	EVO	3237	1	399168.2106	51.875
0.60145732	EVO	3237	1	2908553.536	70.145
0.267314364	EVO	3237	1	1016074.352	46.855
1333.333333	EVO	1287	1	0.001016359	25235
592.5925926	EVO	1287	1	0.008178238	13.8605
263.3744856	EVO	1287	1	0.006440367	14.655
117.0553269	EVO	1287	1	0.304570309	519.815
52.02458975	EVO	1287	1	0.373548657	840.015
23.12203989	EVO	1287	1	0.360973097	802.495
10.27646217	EVO	1287	1	0.396271615	879.195
4.567316521	EVO	1287	1	0.42255817	991.565
2.029918454	EVO	1287	1	0.324580794	727.56
0.90218598	EVO	1287	1	0.353130952	765.6
0.400971546	EVO	1287	1	0.375466995	827.05
0	EVO	1287	1	0.375467934	837.355
1333.333333	EVO	1896	1	0.002645459	4.465
592.5925926	EVO	1896	1	0.352008803	369.3005
263.3744856	EVO	1896	1	0.32966257	427.82
117.0553269	EVO	1896	1	0.28675385	430.79
52.02458975	EVO	1896	1	0.303358077	454.63
23.12203989	EVO	1896	1	0.295773716	455.625
10.27646217	EVO	1896	1	0.340574543	524.515
4.567316521	EVO	1896	1	0.431120962	704.23
2.029918454	EVO	1896	1	0.248084188	373.075
0.90218598	EVO	1896	1	0.276742197	412.95
0.400971546	EVO	1896	1	0.271535848	400.97
0	EVO	1896	1	0.398304895	588.38
1333.333333	EVO	2159	1	0.577438049	852.66
592.5925926	EVO	2159	1	0.666712194	894.5255
263.3744856	EVO	2159	1	0.643920165	949.375
117.0553269	EVO	2159	1	0.653649291	937.52
52.02458975	EVO	2159	1	0.4539721	716.125
23.12203989	EVO	2159	1	0.336639068	545.36
10.27646217	EVO	2159	1	0.668925827	981.29
4.567316521	EVO	2159	1	0.742214927	1133.155
2.029918454	EVO	2159	1	0.636646337	926.175
0.90218598	EVO	2159	1	0.682486443	902.815
0.400971546	EVO	2159	1	0.697909503	892.795
0	EVO	2159	1	0.604763055	893.485
1333.333333	EVO	2494	1	0.017204351	35186
592.5925926	EVO	2494	1	0.004068288	9.0305
263.3744856	EVO	2494	1	0.004993982	11.395
117.0553269	EVO	2494	1	71337.2161	19146
52.02458975	EVO	2494	1	0.315658723	425.17
23.12203989	EVO	2494	1	0.467737604	637.775
10.27646217	EVO	2494	1	0.612230433	750.01
4.567316521	EVO	2494	1	0.593012729	824.765
2.029918454	EVO	2494	1	0.628450632	663.165
0.90218598	EVO	2494	1	0.609916133	753.435
0.400971546	EVO	2494	1	0.619923439	741.88
0	EVO	2494	1	0.52579792	798.78
1333.333333	EVO	3237	1	0.001955351	23408
592.5925926	EVO	3237	1	0.002216614	5.1655
263.3744856	EVO	3237	1	0.004116235	33848
117.0553269	EVO	3237	1	0.003802083	45511
52.02458975	EVO	3237	1	0.004062898	42614
23.12203989	EVO	3237	1	0.013457029	33.24
10.27646217	EVO	3237	1	0.018276281	42.035
4.567316521	EVO	3237	1	0.113554302	302.42
2.029918454	EVO	3237	1	0.010092272	22.945
0.90218598	EVO	3237	1	0.005478723	45608
0.400971546	EVO	3237	1	0.006773224	13.845
0	EVO	3237	1	0.025927161	53.015
2000	EVO	105	1	0.0025092	5.185
888.8888889	EVO	105	1	0.003115865	2175202
395.0617284	EVO	105	1	0.003175198	8.045
175.5829904	EVO	105	1	0.010660023	26.76
78.03688462	EVO	105	1	0.006469812	16.42
34.68305983	EVO	105	1	0.00403794	45931
15.41469326	EVO	105	1	0.009328305	20.44
6.850974782	EVO	105	1	2335955.932	48.265
3.044877681	EVO	105	1	0.549532598	477.255
1.353278969	EVO	105	1	0.46858938	524.155
0.60145732	EVO	105	1	0.569655732	631.785
0.267314364	EVO	105	1	0.506952848	629.31
2000	EVO	1287	1	0.003014481	4.245
888.8888889	EVO	1287	1	0.001038425	2686392
395.0617284	EVO	1287	1	0.002241461	44682
175.5829904	EVO	1287	1	0.006769162	17.465
78.03688462	EVO	1287	1	0.325050822	676.58
34.68305983	EVO	1287	1	0.385056643	813.51
15.41469326	EVO	1287	1	0.407707407	863.39
6.850974782	EVO	1287	1	0.432227607	900.07
3.044877681	EVO	1287	1	0.321645405	685.44
1.353278969	EVO	1287	1	0.390485254	836.06
0.60145732	EVO	1287	1	0.385423383	824.96
0.267314364	EVO	1287	1	0.328270501	714.14
2000	EVO	1896	1	0.002700427	5.435
888.8888889	EVO	1896	1	0.278420859	139.126
395.0617284	EVO	1896	1	0.329320618	545.63
175.5829904	EVO	1896	1	0.345208596	610.365
78.03688462	EVO	1896	1	0.315429485	562.365
34.68305983	EVO	1896	1	0.288091118	516.165
15.41469326	EVO	1896	1	0.284851088	514.03
6.850974782	EVO	1896	1	0.298233582	537.42
3.044877681	EVO	1896	1	0.275398637	502.13
1.353278969	EVO	1896	1	0.261714768	481.54
0.60145732	EVO	1896	1	0.343636121	600.145
0.267314364	EVO	1896	1	0.273127426	482.435
1333.333333	EVO	105	2	0.002834311	6.665
592.5925926	EVO	105	2	0.003299164	12966
263.3744856	EVO	105	2	0.005130729	11.735
117.0553269	EVO	105	2	0.003515269	6.135
52.02458975	EVO	105	2	0.006542169	16.535
23.12203989	EVO	105	2	0.016207722	37.15
10.27646217	EVO	105	2	0.019881021	50.02
4.567316521	EVO	105	2	0.955771371	581.84
2.029918454	EVO	105	2	0.561020634	748.19
0.90218598	EVO	105	2	0.610339515	842.83
0.400971546	EVO	105	2	0.603022465	853.225
0	EVO	105	2	0.515317575	767.72
2000	EVO	2159	2	0.443112391	663.56
888.8888889	EVO	2159	2	0.626365192	878.0255
395.0617284	EVO	2159	2	0.620226831	902.94
175.5829904	EVO	2159	2	0.574146859	863.25
78.03688462	EVO	2159	2	0.416275214	627.33
34.68305983	EVO	2159	2	0.35152455	532.38
15.41469326	EVO	2159	2	0.654517721	876.495
6.850974782	EVO	2159	2	0.685438255	939.065
3.044877681	EVO	2159	2	0.690443028	985.575
1.353278969	EVO	2159	2	0.708763952	946.525
0.60145732	EVO	2159	2	0.713598553	992.26
0.267314364	EVO	2159	2	0.570951618	799.89
2000	EVO	2494	2	0.004352043	7.905
888.8888889	EVO	2494	2	0.621721408	400.8255
395.0617284	EVO	2494	2	0.004755533	12.405
175.5829904	EVO	2494	2	0.009331699	22.24
78.03688462	EVO	2494	2	0.632662303	561.16
34.68305983	EVO	2494	2	0.516456683	703.37
15.41469326	EVO	2494	2	0.641793497	710.71
6.850974782	EVO	2494	2	0.621775114	847.245
3.044877681	EVO	2494	2	0.631984263	791.775
1.353278969	EVO	2494	2	0.609210141	784.715
0.60145732	EVO	2494	2	0.66603675	857.745
0.267314364	EVO	2494	2	0.508614828	684.515
2000	EVO	3237	2	0.0020557	5.205
888.8888889	EVO	3237	2	0.002090147	1170694
395.0617284	EVO	3237	2	0.002024043	15097
175.5829904	EVO	3237	2	0.007703009	18.53
78.03688462	EVO	3237	2	0.00764655	18.81
34.68305983	EVO	3237	2	0.006594061	17.49
15.41469326	EVO	3237	2	0.008976363	19.625
6.850974782	EVO	3237	2	237198.1596	27.56
3.044877681	EVO	3237	2	1532649.359	69.755
1.353278969	EVO	3237	2	1453294.26	60.27
0.60145732	EVO	3237	2	2995324.034	74.205
0.267314364	EVO	3237	2	1484636.873	53.98
1333.333333	EVO	1287	2	0.002049965	45509
592.5925926	EVO	1287	2	9370.160797	641184
263.3744856	EVO	1287	2	0.005917671	13.61
117.0553269	EVO	1287	2	0.298299645	516.32
52.02458975	EVO	1287	2	0.435	952.765
23.12203989	EVO	1287	2	0.347806514	766.545
10.27646217	EVO	1287	2	0.411464751	909.165
4.567316521	EVO	1287	2	0.416506611	963.16
2.029918454	EVO	1287	2	0.329279184	736.125
0.90218598	EVO	1287	2	0.32294184	709.655
0.400971546	EVO	1287	2	0.359878982	793.855
0	EVO	1287	2	0.418838801	918.995
1333.333333	EVO	1896	2	0.004727764	17807
592.5925926	EVO	1896	2	0.299308478	439.3705
263.3744856	EVO	1896	2	0.315932153	536.62
117.0553269	EVO	1896	2	0.273416021	502.935
52.02458975	EVO	1896	2	0.321732619	581.2
23.12203989	EVO	1896	2	0.318357433	578.965
10.27646217	EVO	1896	2	0.335810784	611.24
4.567316521	EVO	1896	2	0.373969811	736.47
2.029918454	EVO	1896	2	0.285032787	515.435
0.90218598	EVO	1896	2	0.25177266	473.165
0.400971546	EVO	1896	2	0.267886947	477.35
0	EVO	1896	2	0.307527544	581.16
1333.333333	EVO	2159	2	0.374336655	501.495
592.5925926	EVO	2159	2	0.657763363	776.845
263.3744856	EVO	2159	2	0.637896467	780.845
117.0553269	EVO	2159	2	0.645012361	756.735
52.02458975	EVO	2159	2	0.429786802	564.535
23.12203989	EVO	2159	2	0.354525285	452.045
10.27646217	EVO	2159	2	0.651210238	700.06
4.567316521	EVO	2159	2	0.7110081	847.035
2.029918454	EVO	2159	2	0.678989341	863.995
0.90218598	EVO	2159	2	0.678209459	824.815
0.400971546	EVO	2159	2	0.704205625	837.05
0	EVO	2159	2	0.593329755	778.535
1333.333333	EVO	2494	2	0.004755467	8.225
592.5925926	EVO	2494	2	0.004164991	35977
263.3744856	EVO	2494	2	0.005921014	10.045
117.0553269	EVO	2494	2	2.717898933	28.32
52.02458975	EVO	2494	2	0.428877767	605.665
23.12203989	EVO	2494	2	0.508341244	705.33
10.27646217	EVO	2494	2	0.703133781	823.985
4.567316521	EVO	2494	2	0.608326456	885.24
2.029918454	EVO	2494	2	0.65448906	744.12
0.90218598	EVO	2494	2	0.63641601	715.425
0.400971546	EVO	2494	2	0.648818858	775.765
0	EVO	2494	2	0.547914329	809.48
1333.333333	EVO	3237	2	0.002665503	5.165
592.5925926	EVO	3237	2	0.004826451	12.0055
263.3744856	EVO	3237	2	0.004514085	18111
117.0553269	EVO	3237	2	0.002332955	19085
52.02458975	EVO	3237	2	0.00309967	6.495
23.12203989	EVO	3237	2	0.009733929	45432
10.27646217	EVO	3237	2	0.016798574	36.61
4.567316521	EVO	3237	2	0.071200937	196.34
2.029918454	EVO	3237	2	1300717.963	36.535
0.90218598	EVO	3237	2	2998181.476	40.555
0.400971546	EVO	3237	2	2790115.602	34.745
0	EVO	3237	2	3644852.645	111.43
2000	EVO	105	2	0.002178734	5.315
888.8888889	EVO	105	2	0.003144187	2138678
395.0617284	EVO	105	2	0.002227848	21306
175.5829904	EVO	105	2	0.008670745	21.24
78.03688462	EVO	105	2	0.007873032	18.73
34.68305983	EVO	105	2	0.004988916	29099
15.41469326	EVO	105	2	0.008133104	18.775
6.850974782	EVO	105	2	0.659294867	236.39
3.044877681	EVO	105	2	0.450829334	537.685
1.353278969	EVO	105	2	0.569285135	752.705
0.60145732	EVO	105	2	0.559978406	810.475
0.267314364	EVO	105	2	0.422630048	635.75
2000	EVO	1287	2	0.001283062	2.705
888.8888889	EVO	1287	2	0.003	7.686
395.0617284	EVO	1287	2	7819.534085	6.195
175.5829904	EVO	1287	2	0.0164942	38.135
78.03688462	EVO	1287	2	0.312220226	671.865
34.68305983	EVO	1287	2	0.343227665	751.39
15.41469326	EVO	1287	2	0.398287477	859.385
6.850974782	EVO	1287	2	0.387045775	836.205
3.044877681	EVO	1287	2	0.32222859	700.96
1.353278969	EVO	1287	2	0.358363412	790.12
0.60145732	EVO	1287	2	0.353436394	771.375
0.267314364	EVO	1287	2	0.349500122	762.88
2000	EVO	1896	2	0.004565682	30072
888.8888889	EVO	1896	2	0.303889864	187.7105
395.0617284	EVO	1896	2	0.347260453	584.985
175.5829904	EVO	1896	2	0.340368451	612.09
78.03688462	EVO	1896	2	0.316793699	562.6
34.68305983	EVO	1896	2	0.28781016	518.665
15.41469326	EVO	1896	2	0.297043016	545.35
6.850974782	EVO	1896	2	0.277145939	510.28
3.044877681	EVO	1896	2	0.253998127	476.925
1.353278969	EVO	1896	2	0.278867768	523.64
0.60145732	EVO	1896	2	0.287979412	534.815
0.267314364	EVO	1896	2	0.271953511	500.91
1333.333333	EVO	262	1	0.002429414	5.655
592.5925926	EVO	262	1	0.003701899	11536
263.3744856	EVO	262	1	0.005002815	11.375
117.0553269	EVO	262	1	0.002079347	45477
52.02458975	EVO	262	1	0.006822093	15.655
23.12203989	EVO	262	1	0.015494545	35.93
10.27646217	EVO	262	1	2230935.347	85.73
4.567316521	EVO	262	1	0.414229782	521.71
2.029918454	EVO	262	1	0.292389464	379.175
0.90218598	EVO	262	1	0.286538018	370.885
0.400971546	EVO	262	1	0.304070338	418.245
0	EVO	262	1	0.282593324	396.03
2000	EVO	2160	1	0.002061336	5.375
888.8888889	EVO	2160	1	0.003432545	8.936
395.0617284	EVO	2160	1	0.003578853	8.885
175.5829904	EVO	2160	1	0.007	17.915
78.03688462	EVO	2160	1	0.005886965	15.66
34.68305983	EVO	2160	1	0.005361054	45639
15.41469326	EVO	2160	1	0.007246675	18.565
6.850974782	EVO	2160	1	725873.2873	37.08
3.044877681	EVO	2160	1	0.101029932	87.755
1.353278969	EVO	2160	1	0.113796225	164.565
0.60145732	EVO	2160	1	0.148742135	204.245
0.267314364	EVO	2160	1	0.110179377	142.29
2000	EVO	2659	1	686.0542768	7.005
888.8888889	EVO	2659	1	0.002030438	1243773
395.0617284	EVO	2659	1	0.004	9.845
175.5829904	EVO	2659	1	0.045141795	35.205
78.03688462	EVO	2659	1	0.051291271	28.355
34.68305983	EVO	2659	1	0.023661303	43.04
15.41469326	EVO	2659	1	0.020534864	42.635
6.850974782	EVO	2659	1	0.017744346	42.745
3.044877681	EVO	2659	1	0.358317046	490.975
1.353278969	EVO	2659	1	0.479728662	788.44
0.60145732	EVO	2659	1	0.812989485	1619.065
0.267314364	EVO	2659	1	0.517342958	965.99
2000	EVO	only medium	1	0.002064491	5.225
888.8888889	EVO	only medium	1	0.003836358	1298590
395.0617284	EVO	only medium	1	0.003022714	7.955
175.5829904	EVO	only medium	1	0.007564422	45553
78.03688462	EVO	only medium	1	0.006899763	16.205
34.68305983	EVO	only medium	1	0.006394598	15.815
15.41469326	EVO	only medium	1	0.007399303	17.62
6.850974782	EVO	only medium	1	0.009512734	45465
3.044877681	EVO	only medium	1	0.009359604	23.575
1.353278969	EVO	only medium	1	0.015350796	38.2
0.60145732	EVO	only medium	1	0.01921631	47.145
0.267314364	EVO	only medium	1	0.009263986	20.22
1333.333333	EVO	1292	1	0.00403589	8.895
592.5925926	EVO	1292	1	0.003449947	25020
263.3744856	EVO	1292	1	0.004086173	14489
117.0553269	EVO	1292	1	0.003442803	5.795
52.02458975	EVO	1292	1	0.006167968	14.44
23.12203989	EVO	1292	1	0.018073057	37.72
10.27646217	EVO	1292	1	0.023249723	55.875
4.567316521	EVO	1292	1	0.060573051	169.23
2.029918454	EVO	1292	1	0.008191977	19.625
0.90218598	EVO	1292	1	0.005335897	11.225
0.400971546	EVO	1292	1	0.005071509	13.64
0	EVO	1292	1	0.282065122	565.6
1333.333333	EVO	1972	1	0.367880762	671.23
592.5925926	EVO	1972	1	0.566365529	1114.36
263.3744856	EVO	1972	1	0.780081913	1587.095
117.0553269	EVO	1972	1	0.617176674	1196.42
52.02458975	EVO	1972	1	0.796927002	1618.405
23.12203989	EVO	1972	1	0.896894472	1778.485
10.27646217	EVO	1972	1	0.951965505	1865.8
4.567316521	EVO	1972	1	0.908042076	1662.455
2.029918454	EVO	1972	1	0.618001365	1200.37
0.90218598	EVO	1972	1	0.536755348	1091.535
0.400971546	EVO	1972	1	0.715880895	1468.94
0	EVO	1972	1	0.368583457	824.265
1333.333333	EVO	2160	1	0.003	6.615
592.5925926	EVO	2160	1	0.00339994	8.1805
263.3744856	EVO	2160	1	0.004056792	9.215
117.0553269	EVO	2160	1	0.00204006	45540
52.02458975	EVO	2160	1	0.006058097	14.66
23.12203989	EVO	2160	1	0.801809293	1345.41
10.27646217	EVO	2160	1	0.018506576	42.675
4.567316521	EVO	2160	1	0.057051111	160.555
2.029918454	EVO	2160	1	0.199814753	129.525
0.90218598	EVO	2160	1	0.175235089	102.36
0.400971546	EVO	2160	1	0.175621751	98.645
0	EVO	2160	1	1484129.871	78.67
1333.333333	EVO	2659	1	0.005652531	10.905
592.5925926	EVO	2659	1	0.004664291	8.551
263.3744856	EVO	2659	1	0.003041293	6.665
117.0553269	EVO	2659	1	0.004	15585
52.02458975	EVO	2659	1	0.017251457	30.83
23.12203989	EVO	2659	1	0.071897836	138.045
10.27646217	EVO	2659	1	0.050206049	86.1
4.567316521	EVO	2659	1	3083921.78	376.75
2.029918454	EVO	2659	1	0.366105732	559.52
0.90218598	EVO	2659	1	0.545819044	1012.65
0.400971546	EVO	2659	1	0.653496257	1191.97
0	EVO	2659	1	0.448891141	870.1
1333.333333	EVO	only medium	1	0.002041191	35886
592.5925926	EVO	only medium	1	0.00548557	10.1865
263.3744856	EVO	only medium	1	0.004063066	24716
117.0553269	EVO	only medium	1	0.002159456	28216
52.02458975	EVO	only medium	1	0.007040429	13.32
23.12203989	EVO	only medium	1	0.011645816	26.54
10.27646217	EVO	only medium	1	0.017823907	40.375
4.567316521	EVO	only medium	1	0.061057412	75.32
2.029918454	EVO	only medium	1	0.007744096	18.435
0.90218598	EVO	only medium	1	0.005366397	10.325
0.400971546	EVO	only medium	1	0.004165693	9.425
0	EVO	only medium	1	0.022455282	42.555
2000	EVO	262	1	0.003026222	7.445
888.8888889	EVO	262	1	0.003588377	7.076
395.0617284	EVO	262	1	0.003053642	8.175
175.5829904	EVO	262	1	0.008633516	21.435
78.03688462	EVO	262	1	0.007055476	17.625
34.68305983	EVO	262	1	0.004029822	21064
15.41469326	EVO	262	1	0.006761133	17.565
6.850974782	EVO	262	1	0.419724443	264.74
3.044877681	EVO	262	1	0.30140851	322.325
1.353278969	EVO	262	1	0.302779929	351.17
0.60145732	EVO	262	1	0.325256912	397.01
0.267314364	EVO	262	1	0.287153418	331.17
2000	EVO	1292	1	0.003011304	27211
888.8888889	EVO	1292	1	0.002043546	5.051
395.0617284	EVO	1292	1	0.003345319	8.185
175.5829904	EVO	1292	1	0.008628924	18.635
78.03688462	EVO	1292	1	0.006704777	15.735
34.68305983	EVO	1292	1	0.005475576	34304
15.41469326	EVO	1292	1	0.009337568	45526
6.850974782	EVO	1292	1	0.009540577	23.14
3.044877681	EVO	1292	1	0.009613278	23.36
1.353278969	EVO	1292	1	0.02114045	48.29
0.60145732	EVO	1292	1	0.021960023	49.84
0.267314364	EVO	1292	1	0.159092389	91.995
2000	EVO	1972	1	0.367891702	682.395
888.8888889	EVO	1972	1	0.64248691	1147.171
395.0617284	EVO	1972	1	0.705688731	1399.365
175.5829904	EVO	1972	1	0.598955703	1231.69
78.03688462	EVO	1972	1	0.896991289	1770.325
34.68305983	EVO	1972	1	0.673016935	1369.545
15.41469326	EVO	1972	1	0.798052587	1622.1
6.850974782	EVO	1972	1	0.708182842	1440.205
3.044877681	EVO	1972	1	0.656587678	1275.92
1.353278969	EVO	1972	1	0.791510675	1553.675
0.60145732	EVO	1972	1	0.934475024	1766.475
0.267314364	EVO	1972	1	0.437034761	927.91
1333.333333	EVO	262	2	0.003126785	5.295
592.5925926	EVO	262	2	0.004008374	26877
263.3744856	EVO	262	2	0.005101277	11.435
117.0553269	EVO	262	2	0.003418444	6.065
52.02458975	EVO	262	2	0.005619602	13.955
23.12203989	EVO	262	2	0.015067189	30.49
10.27646217	EVO	262	2	5191938.576	140.37
4.567316521	EVO	262	2	0.454666628	639.545
2.029918454	EVO	262	2	0.298693423	399.855
0.90218598	EVO	262	2	0.299055936	411.42
0.400971546	EVO	262	2	0.299969651	426.79
0	EVO	262	2	0.276400815	421.835
2000	EVO	2160	2	0.002610258	22433
888.8888889	EVO	2160	2	0.004	10.841
395.0617284	EVO	2160	2	0.003436361	9.425
175.5829904	EVO	2160	2	0.007090904	18.255
78.03688462	EVO	2160	2	0.005096663	13.015
34.68305983	EVO	2160	2	0.005185344	13.94
15.41469326	EVO	2160	2	0.008052419	16.86
6.850974782	EVO	2160	2	0.23975509	105.89
3.044877681	EVO	2160	2	0.187103377	67.395
1.353278969	EVO	2160	2	0.10025722	142.29
0.60145732	EVO	2160	2	0.132549556	183.18
0.267314364	EVO	2160	2	0.093749371	111.4
2000	EVO	2659	2	0.002506254	18780
888.8888889	EVO	2659	2	0.003	699622
395.0617284	EVO	2659	2	0.003301472	9.055
175.5829904	EVO	2659	2	0.020400133	43.91
78.03688462	EVO	2659	2	0.024441977	49.03
34.68305983	EVO	2659	2	0.008	31.35
15.41469326	EVO	2659	2	0	0
6.850974782	EVO	2659	2	0.388364171	296.15
3.044877681	EVO	2659	2	0.529976658	701.805
1.353278969	EVO	2659	2	0.451046907	833.935
0.60145732	EVO	2659	2	0.515954714	995.51
0.267314364	EVO	2659	2	0.465237126	881.415
2000	EVO	only medium	2	0.002012863	24198
888.8888889	EVO	only medium	2	0.004	10.811
395.0617284	EVO	only medium	2	0.003069197	7.405
175.5829904	EVO	only medium	2	0.007998388	18.955
78.03688462	EVO	only medium	2	0.007923435	19.89
34.68305983	EVO	only medium	2	0.005975335	13.86
15.41469326	EVO	only medium	2	0.009038756	22.035
6.850974782	EVO	only medium	2	0.009505522	22.55
3.044877681	EVO	only medium	2	0.008393328	21.855
1.353278969	EVO	only medium	2	0.014092828	34.115
0.60145732	EVO	only medium	2	0.014520424	35.01
0.267314364	EVO	only medium	2	0.015780403	18.035
1333.333333	EVO	1292	2	0.003050623	6.295
592.5925926	EVO	1292	2	0.003449657	5.985
263.3744856	EVO	1292	2	0.0040213	25082
117.0553269	EVO	1292	2	0.002204392	4.905
52.02458975	EVO	1292	2	0.005201855	13.73
23.12203989	EVO	1292	2	0.018814821	41.36
10.27646217	EVO	1292	2	0.0227118	55.09
4.567316521	EVO	1292	2	0.060853992	155.715
2.029918454	EVO	1292	2	0.006691372	16.77
0.90218598	EVO	1292	2	0.004316515	10.875
0.400971546	EVO	1292	2	0.005	45609
0	EVO	1292	2	0.27679271	557.865
1333.333333	EVO	1972	2	0.293286686	530.57
592.5925926	EVO	1972	2	0.661096141	1281.535
263.3744856	EVO	1972	2	0.760930509	1536.29
117.0553269	EVO	1972	2	0.685715528	1410.665
52.02458975	EVO	1972	2	0.579898217	1171.08
23.12203989	EVO	1972	2	1.060797095	2067.26
10.27646217	EVO	1972	2	0.892689299	1793.7
4.567316521	EVO	1972	2	0.839109655	1585.785
2.029918454	EVO	1972	2	0.340241981	732.585
0.90218598	EVO	1972	2	0.658717462	1317.2
0.400971546	EVO	1972	2	0.744469384	1499
0	EVO	1972	2	0.415873155	900.77
1333.333333	EVO	2160	2	0.003489713	5.995
592.5925926	EVO	2160	2	0.003691802	1499504
263.3744856	EVO	2160	2	0.003027227	11505
117.0553269	EVO	2160	2	0.002009287	15097
52.02458975	EVO	2160	2	0.006067884	15.25
23.12203989	EVO	2160	2	0.026765506	32.085
10.27646217	EVO	2160	2	0.01847289	43.765
4.567316521	EVO	2160	2	129834.335	173.34
2.029918454	EVO	2160	2	0.116121027	118.12
0.90218598	EVO	2160	2	0.165553064	179.325
0.400971546	EVO	2160	2	0.157147155	172.4
0	EVO	2160	2	0.116301586	137.255
1333.333333	EVO	2659	2	0.002	4.735
592.5925926	EVO	2659	2	0.006102732	2449226
263.3744856	EVO	2659	2	0.0037874	9.565
117.0553269	EVO	2659	2	15265.47824	13759
52.02458975	EVO	2659	2	0.004182049	10.875
23.12203989	EVO	2659	2	0.011205739	29.725
10.27646217	EVO	2659	2	0.0470901	80.46
4.567316521	EVO	2659	2	0.091645207	224.43
2.029918454	EVO	2659	2	0.637387154	625.845
0.90218598	EVO	2659	2	0.510498144	940.315
0.400971546	EVO	2659	2	0.846132318	1482.88
0	EVO	2659	2	0.414150676	768.43
1333.333333	EVO	only medium	2	0.002789091	6.335
592.5925926	EVO	only medium	2	0.003065061	7.606
263.3744856	EVO	only medium	2	0.00402561	13058
117.0553269	EVO	only medium	2	0.002079224	5.105
52.02458975	EVO	only medium	2	0.005057741	13.275
23.12203989	EVO	only medium	2	0.015074861	37.08
10.27646217	EVO	only medium	2	0.016696261	42.8
4.567316521	EVO	only medium	2	0.055953642	158.115
2.029918454	EVO	only medium	2	0.006591231	17.175
0.90218598	EVO	only medium	2	0.004070343	45391
0.400971546	EVO	only medium	2	0.005204627	45334
0	EVO	only medium	2	0.016703091	34.205
2000	EVO	262	2	0.002007083	22372
888.8888889	EVO	262	2	0.009612237	25.776
395.0617284	EVO	262	2	0.004004256	15646
175.5829904	EVO	262	2	0.008983718	21.72
78.03688462	EVO	262	2	0.006069263	15.16
34.68305983	EVO	262	2	0.006104205	45367
15.41469326	EVO	262	2	0.008679422	21.415
6.850974782	EVO	262	2	1.464987037	68.085
3.044877681	EVO	262	2	0.299058127	194.25
1.353278969	EVO	262	2	0.360523468	255.87
0.60145732	EVO	262	2	0.347144313	260.99
0.267314364	EVO	262	2	0.369311023	181.475
2000	EVO	1292	2	0.002367058	5.245
888.8888889	EVO	1292	2	0.003150095	7.181
395.0617284	EVO	1292	2	0.002609552	45450
175.5829904	EVO	1292	2	0.009142144	21.25
78.03688462	EVO	1292	2	0.010310235	16.53
34.68305983	EVO	1292	2	0.005747739	13.74
15.41469326	EVO	1292	2	0.008818679	21.295
6.850974782	EVO	1292	2	0.011175933	26.64
3.044877681	EVO	1292	2	0.006768921	45428
1.353278969	EVO	1292	2	0.022075266	49.445
0.60145732	EVO	1292	2	344788.4129	66.69
0.267314364	EVO	1292	2	0.116662867	82.82
2000	EVO	1972	2	0.002255667	19115
888.8888889	EVO	1972	2	0.654962167	1210.861
395.0617284	EVO	1972	2	0.688476936	1383.36
175.5829904	EVO	1972	2	0.653582855	1349.735
78.03688462	EVO	1972	2	0.818580417	1637.835
34.68305983	EVO	1972	2	0.806610746	1659.1
15.41469326	EVO	1972	2	0.781879597	1592.115
6.850974782	EVO	1972	2	0.766389421	1560.285
3.044877681	EVO	1972	2	0.651015447	1202.02
1.353278969	EVO	1972	2	0.835441839	1665.795
0.60145732	EVO	1972	2	0.759692752	1424.69
0.267314364	EVO	1972	2	0.453368992	961.7